
[camera]
x=0.2683064
y=-0.3693563
z=0.8132274
yaw=81
pitch=37
distance=1
fov=42
[control]
isvisibleBone=True
