
[camera]
x=9.167475
y=0.5856264
z=4.877527
yaw=-176
pitch=-32
