
[camera]
x=-0.02207565
y=0.07580755
z=0.9053065
yaw=-84
pitch=-15
distance=2.8
fov=62
[control]
isvisibleBone=False
