
[camera]
x=-0.8189907
y=3.704885
z=0
yaw=-38
pitch=10
distance=15.99999
fov=80
[control]
isvisibleBone=True
