
[camera]
x=8.233619
y=-0.53671
z=0.3944981
yaw=159
pitch=9
