<?xml version="1.0" encoding="utf-8"?>
<COLLADA xmlns="http://www.collada.org/2005/11/COLLADASchema" version="1.4.1">
  <asset>
    <contributor>
      <author>Mixamo</author>
      <authoring_tool>COLLADA Mixamo exporter</authoring_tool>
      <comments/>
    </contributor>
    <created>2024-03-20T04:53:28Z</created>
    <modified>2024-03-20T04:53:28Z</modified>
    <revision/>
    <title/>
    <unit meter="0.010000"/>
    <up_axis>Y_UP</up_axis>
  </asset>
  <library_animations>
    <animation id="Armature-anim" name="Armature">
      <source id="Armature-Matrix-animation-input">
        <float_array id="Armature-Matrix-animation-input-array" count="133">

0.000000 0.033333 0.066667 0.100000 0.133333 0.166667 0.200000 0.233333 0.266667 0.300000 0.333333 0.366667 0.400000 0.433333 0.466667 0.500000
0.533333 0.566667 0.600000 0.633333 0.666667 0.700000 0.733333 0.766667 0.800000 0.833333 0.866667 0.900000 0.933333 0.966667 1.000000 1.033333
1.066667 1.100000 1.133333 1.166667 1.200000 1.233333 1.266667 1.300000 1.333333 1.366667 1.400000 1.433333 1.466667 1.500000 1.533333 1.566667
1.600000 1.633333 1.666667 1.700000 1.733333 1.766667 1.800000 1.833333 1.866667 1.900000 1.933333 1.966667 2.000000 2.033333 2.066667 2.100000
2.133333 2.166667 2.200000 2.233333 2.266667 2.300000 2.333333 2.366667 2.400000 2.433333 2.466667 2.500000 2.533333 2.566667 2.600000 2.633333
2.666667 2.700000 2.733333 2.766667 2.800000 2.833333 2.866667 2.900000 2.933333 2.966667 3.000000 3.033333 3.066667 3.100000 3.133333 3.166667
3.200000 3.233333 3.266667 3.300000 3.333333 3.366667 3.400000 3.433333 3.466667 3.500000 3.533333 3.566667 3.600000 3.633333 3.666667 3.700000
3.733333 3.766667 3.800000 3.833333 3.866667 3.900000 3.933333 3.966667 4.000000 4.033333 4.066667 4.100000 4.133333 4.166667 4.200000 4.233333
4.266667 4.300000 4.333333 4.366667 4.400000</float_array>
        <technique_common>
          <accessor source="#Armature-Matrix-animation-input-array" count="133">
            <param name="TIME" type="float"/>
          </accessor>
        </technique_common>
      </source>
      <source id="Armature-Matrix-animation-output-transform">
        <float_array id="Armature-Matrix-animation-output-transform-array" count="2128">

1.000000 0.000000 0.000000 0.000000 0.000000 1.000000 0.000000 0.000000 0.000000 0.000000 1.000000 0.000000 0.000000 0.000000 0.000000 1.000000
1.000000 0.000000 0.000000 0.000000 0.000000 1.000000 0.000000 0.000000 0.000000 0.000000 1.000000 0.000000 0.000000 0.000000 0.000000 1.000000
1.000000 0.000000 0.000000 0.000000 0.000000 1.000000 0.000000 0.000000 0.000000 0.000000 1.000000 0.000000 0.000000 0.000000 0.000000 1.000000
1.000000 0.000000 0.000000 0.000000 0.000000 1.000000 0.000000 0.000000 0.000000 0.000000 1.000000 0.000000 0.000000 0.000000 0.000000 1.000000
1.000000 0.000000 0.000000 0.000000 0.000000 1.000000 0.000000 0.000000 0.000000 0.000000 1.000000 0.000000 0.000000 0.000000 0.000000 1.000000
1.000000 0.000000 0.000000 0.000000 0.000000 1.000000 0.000000 0.000000 0.000000 0.000000 1.000000 0.000000 0.000000 0.000000 0.000000 1.000000
1.000000 0.000000 0.000000 0.000000 0.000000 1.000000 0.000000 0.000000 0.000000 0.000000 1.000000 0.000000 0.000000 0.000000 0.000000 1.000000
1.000000 0.000000 0.000000 0.000000 0.000000 1.000000 0.000000 0.000000 0.000000 0.000000 1.000000 0.000000 0.000000 0.000000 0.000000 1.000000
1.000000 0.000000 0.000000 0.000000 0.000000 1.000000 0.000000 0.000000 0.000000 0.000000 1.000000 0.000000 0.000000 0.000000 0.000000 1.000000
1.000000 0.000000 0.000000 0.000000 0.000000 1.000000 0.000000 0.000000 0.000000 0.000000 1.000000 0.000000 0.000000 0.000000 0.000000 1.000000
1.000000 0.000000 0.000000 0.000000 0.000000 1.000000 0.000000 0.000000 0.000000 0.000000 1.000000 0.000000 0.000000 0.000000 0.000000 1.000000
1.000000 0.000000 0.000000 0.000000 0.000000 1.000000 0.000000 0.000000 0.000000 0.000000 1.000000 0.000000 0.000000 0.000000 0.000000 1.000000
1.000000 0.000000 0.000000 0.000000 0.000000 1.000000 0.000000 0.000000 0.000000 0.000000 1.000000 0.000000 0.000000 0.000000 0.000000 1.000000
1.000000 0.000000 0.000000 0.000000 0.000000 1.000000 0.000000 0.000000 0.000000 0.000000 1.000000 0.000000 0.000000 0.000000 0.000000 1.000000
1.000000 0.000000 0.000000 0.000000 0.000000 1.000000 0.000000 0.000000 0.000000 0.000000 1.000000 0.000000 0.000000 0.000000 0.000000 1.000000
1.000000 0.000000 0.000000 0.000000 0.000000 1.000000 0.000000 0.000000 0.000000 0.000000 1.000000 0.000000 0.000000 0.000000 0.000000 1.000000
1.000000 0.000000 0.000000 0.000000 0.000000 1.000000 0.000000 0.000000 0.000000 0.000000 1.000000 0.000000 0.000000 0.000000 0.000000 1.000000
1.000000 0.000000 0.000000 0.000000 0.000000 1.000000 0.000000 0.000000 0.000000 0.000000 1.000000 0.000000 0.000000 0.000000 0.000000 1.000000
1.000000 0.000000 0.000000 0.000000 0.000000 1.000000 0.000000 0.000000 0.000000 0.000000 1.000000 0.000000 0.000000 0.000000 0.000000 1.000000
1.000000 0.000000 0.000000 0.000000 0.000000 1.000000 0.000000 0.000000 0.000000 0.000000 1.000000 0.000000 0.000000 0.000000 0.000000 1.000000
1.000000 0.000000 0.000000 0.000000 0.000000 1.000000 0.000000 0.000000 0.000000 0.000000 1.000000 0.000000 0.000000 0.000000 0.000000 1.000000
1.000000 0.000000 0.000000 0.000000 0.000000 1.000000 0.000000 0.000000 0.000000 0.000000 1.000000 0.000000 0.000000 0.000000 0.000000 1.000000
1.000000 0.000000 0.000000 0.000000 0.000000 1.000000 0.000000 0.000000 0.000000 0.000000 1.000000 0.000000 0.000000 0.000000 0.000000 1.000000
1.000000 0.000000 0.000000 0.000000 0.000000 1.000000 0.000000 0.000000 0.000000 0.000000 1.000000 0.000000 0.000000 0.000000 0.000000 1.000000
1.000000 0.000000 0.000000 0.000000 0.000000 1.000000 0.000000 0.000000 0.000000 0.000000 1.000000 0.000000 0.000000 0.000000 0.000000 1.000000
1.000000 0.000000 0.000000 0.000000 0.000000 1.000000 0.000000 0.000000 0.000000 0.000000 1.000000 0.000000 0.000000 0.000000 0.000000 1.000000
1.000000 0.000000 0.000000 0.000000 0.000000 1.000000 0.000000 0.000000 0.000000 0.000000 1.000000 0.000000 0.000000 0.000000 0.000000 1.000000
1.000000 0.000000 0.000000 0.000000 0.000000 1.000000 0.000000 0.000000 0.000000 0.000000 1.000000 0.000000 0.000000 0.000000 0.000000 1.000000
1.000000 0.000000 0.000000 0.000000 0.000000 1.000000 0.000000 0.000000 0.000000 0.000000 1.000000 0.000000 0.000000 0.000000 0.000000 1.000000
1.000000 0.000000 0.000000 0.000000 0.000000 1.000000 0.000000 0.000000 0.000000 0.000000 1.000000 0.000000 0.000000 0.000000 0.000000 1.000000
1.000000 0.000000 0.000000 0.000000 0.000000 1.000000 0.000000 0.000000 0.000000 0.000000 1.000000 0.000000 0.000000 0.000000 0.000000 1.000000
1.000000 0.000000 0.000000 0.000000 0.000000 1.000000 0.000000 0.000000 0.000000 0.000000 1.000000 0.000000 0.000000 0.000000 0.000000 1.000000
1.000000 0.000000 0.000000 0.000000 0.000000 1.000000 0.000000 0.000000 0.000000 0.000000 1.000000 0.000000 0.000000 0.000000 0.000000 1.000000
1.000000 0.000000 0.000000 0.000000 0.000000 1.000000 0.000000 0.000000 0.000000 0.000000 1.000000 0.000000 0.000000 0.000000 0.000000 1.000000
1.000000 0.000000 0.000000 0.000000 0.000000 1.000000 0.000000 0.000000 0.000000 0.000000 1.000000 0.000000 0.000000 0.000000 0.000000 1.000000
1.000000 0.000000 0.000000 0.000000 0.000000 1.000000 0.000000 0.000000 0.000000 0.000000 1.000000 0.000000 0.000000 0.000000 0.000000 1.000000
1.000000 0.000000 0.000000 0.000000 0.000000 1.000000 0.000000 0.000000 0.000000 0.000000 1.000000 0.000000 0.000000 0.000000 0.000000 1.000000
1.000000 0.000000 0.000000 0.000000 0.000000 1.000000 0.000000 0.000000 0.000000 0.000000 1.000000 0.000000 0.000000 0.000000 0.000000 1.000000
1.000000 0.000000 0.000000 0.000000 0.000000 1.000000 0.000000 0.000000 0.000000 0.000000 1.000000 0.000000 0.000000 0.000000 0.000000 1.000000
1.000000 0.000000 0.000000 0.000000 0.000000 1.000000 0.000000 0.000000 0.000000 0.000000 1.000000 0.000000 0.000000 0.000000 0.000000 1.000000
1.000000 0.000000 0.000000 0.000000 0.000000 1.000000 0.000000 0.000000 0.000000 0.000000 1.000000 0.000000 0.000000 0.000000 0.000000 1.000000
1.000000 0.000000 0.000000 0.000000 0.000000 1.000000 0.000000 0.000000 0.000000 0.000000 1.000000 0.000000 0.000000 0.000000 0.000000 1.000000
1.000000 0.000000 0.000000 0.000000 0.000000 1.000000 0.000000 0.000000 0.000000 0.000000 1.000000 0.000000 0.000000 0.000000 0.000000 1.000000
1.000000 0.000000 0.000000 0.000000 0.000000 1.000000 0.000000 0.000000 0.000000 0.000000 1.000000 0.000000 0.000000 0.000000 0.000000 1.000000
1.000000 0.000000 0.000000 0.000000 0.000000 1.000000 0.000000 0.000000 0.000000 0.000000 1.000000 0.000000 0.000000 0.000000 0.000000 1.000000
1.000000 0.000000 0.000000 0.000000 0.000000 1.000000 0.000000 0.000000 0.000000 0.000000 1.000000 0.000000 0.000000 0.000000 0.000000 1.000000
1.000000 0.000000 0.000000 0.000000 0.000000 1.000000 0.000000 0.000000 0.000000 0.000000 1.000000 0.000000 0.000000 0.000000 0.000000 1.000000
1.000000 0.000000 0.000000 0.000000 0.000000 1.000000 0.000000 0.000000 0.000000 0.000000 1.000000 0.000000 0.000000 0.000000 0.000000 1.000000
1.000000 0.000000 0.000000 0.000000 0.000000 1.000000 0.000000 0.000000 0.000000 0.000000 1.000000 0.000000 0.000000 0.000000 0.000000 1.000000
1.000000 0.000000 0.000000 0.000000 0.000000 1.000000 0.000000 0.000000 0.000000 0.000000 1.000000 0.000000 0.000000 0.000000 0.000000 1.000000
1.000000 0.000000 0.000000 0.000000 0.000000 1.000000 0.000000 0.000000 0.000000 0.000000 1.000000 0.000000 0.000000 0.000000 0.000000 1.000000
1.000000 0.000000 0.000000 0.000000 0.000000 1.000000 0.000000 0.000000 0.000000 0.000000 1.000000 0.000000 0.000000 0.000000 0.000000 1.000000
1.000000 0.000000 0.000000 0.000000 0.000000 1.000000 0.000000 0.000000 0.000000 0.000000 1.000000 0.000000 0.000000 0.000000 0.000000 1.000000
1.000000 0.000000 0.000000 0.000000 0.000000 1.000000 0.000000 0.000000 0.000000 0.000000 1.000000 0.000000 0.000000 0.000000 0.000000 1.000000
1.000000 0.000000 0.000000 0.000000 0.000000 1.000000 0.000000 0.000000 0.000000 0.000000 1.000000 0.000000 0.000000 0.000000 0.000000 1.000000
1.000000 0.000000 0.000000 0.000000 0.000000 1.000000 0.000000 0.000000 0.000000 0.000000 1.000000 0.000000 0.000000 0.000000 0.000000 1.000000
1.000000 0.000000 0.000000 0.000000 0.000000 1.000000 0.000000 0.000000 0.000000 0.000000 1.000000 0.000000 0.000000 0.000000 0.000000 1.000000
1.000000 0.000000 0.000000 0.000000 0.000000 1.000000 0.000000 0.000000 0.000000 0.000000 1.000000 0.000000 0.000000 0.000000 0.000000 1.000000
1.000000 0.000000 0.000000 0.000000 0.000000 1.000000 0.000000 0.000000 0.000000 0.000000 1.000000 0.000000 0.000000 0.000000 0.000000 1.000000
1.000000 0.000000 0.000000 0.000000 0.000000 1.000000 0.000000 0.000000 0.000000 0.000000 1.000000 0.000000 0.000000 0.000000 0.000000 1.000000
1.000000 0.000000 0.000000 0.000000 0.000000 1.000000 0.000000 0.000000 0.000000 0.000000 1.000000 0.000000 0.000000 0.000000 0.000000 1.000000
1.000000 0.000000 0.000000 0.000000 0.000000 1.000000 0.000000 0.000000 0.000000 0.000000 1.000000 0.000000 0.000000 0.000000 0.000000 1.000000
1.000000 0.000000 0.000000 0.000000 0.000000 1.000000 0.000000 0.000000 0.000000 0.000000 1.000000 0.000000 0.000000 0.000000 0.000000 1.000000
1.000000 0.000000 0.000000 0.000000 0.000000 1.000000 0.000000 0.000000 0.000000 0.000000 1.000000 0.000000 0.000000 0.000000 0.000000 1.000000
1.000000 0.000000 0.000000 0.000000 0.000000 1.000000 0.000000 0.000000 0.000000 0.000000 1.000000 0.000000 0.000000 0.000000 0.000000 1.000000
1.000000 0.000000 0.000000 0.000000 0.000000 1.000000 0.000000 0.000000 0.000000 0.000000 1.000000 0.000000 0.000000 0.000000 0.000000 1.000000
1.000000 0.000000 0.000000 0.000000 0.000000 1.000000 0.000000 0.000000 0.000000 0.000000 1.000000 0.000000 0.000000 0.000000 0.000000 1.000000
1.000000 0.000000 0.000000 0.000000 0.000000 1.000000 0.000000 0.000000 0.000000 0.000000 1.000000 0.000000 0.000000 0.000000 0.000000 1.000000
1.000000 0.000000 0.000000 0.000000 0.000000 1.000000 0.000000 0.000000 0.000000 0.000000 1.000000 0.000000 0.000000 0.000000 0.000000 1.000000
1.000000 0.000000 0.000000 0.000000 0.000000 1.000000 0.000000 0.000000 0.000000 0.000000 1.000000 0.000000 0.000000 0.000000 0.000000 1.000000
1.000000 0.000000 0.000000 0.000000 0.000000 1.000000 0.000000 0.000000 0.000000 0.000000 1.000000 0.000000 0.000000 0.000000 0.000000 1.000000
1.000000 0.000000 0.000000 0.000000 0.000000 1.000000 0.000000 0.000000 0.000000 0.000000 1.000000 0.000000 0.000000 0.000000 0.000000 1.000000
1.000000 0.000000 0.000000 0.000000 0.000000 1.000000 0.000000 0.000000 0.000000 0.000000 1.000000 0.000000 0.000000 0.000000 0.000000 1.000000
1.000000 0.000000 0.000000 0.000000 0.000000 1.000000 0.000000 0.000000 0.000000 0.000000 1.000000 0.000000 0.000000 0.000000 0.000000 1.000000
1.000000 0.000000 0.000000 0.000000 0.000000 1.000000 0.000000 0.000000 0.000000 0.000000 1.000000 0.000000 0.000000 0.000000 0.000000 1.000000
1.000000 0.000000 0.000000 0.000000 0.000000 1.000000 0.000000 0.000000 0.000000 0.000000 1.000000 0.000000 0.000000 0.000000 0.000000 1.000000
1.000000 0.000000 0.000000 0.000000 0.000000 1.000000 0.000000 0.000000 0.000000 0.000000 1.000000 0.000000 0.000000 0.000000 0.000000 1.000000
1.000000 0.000000 0.000000 0.000000 0.000000 1.000000 0.000000 0.000000 0.000000 0.000000 1.000000 0.000000 0.000000 0.000000 0.000000 1.000000
1.000000 0.000000 0.000000 0.000000 0.000000 1.000000 0.000000 0.000000 0.000000 0.000000 1.000000 0.000000 0.000000 0.000000 0.000000 1.000000
1.000000 0.000000 0.000000 0.000000 0.000000 1.000000 0.000000 0.000000 0.000000 0.000000 1.000000 0.000000 0.000000 0.000000 0.000000 1.000000
1.000000 0.000000 0.000000 0.000000 0.000000 1.000000 0.000000 0.000000 0.000000 0.000000 1.000000 0.000000 0.000000 0.000000 0.000000 1.000000
1.000000 0.000000 0.000000 0.000000 0.000000 1.000000 0.000000 0.000000 0.000000 0.000000 1.000000 0.000000 0.000000 0.000000 0.000000 1.000000
1.000000 0.000000 0.000000 0.000000 0.000000 1.000000 0.000000 0.000000 0.000000 0.000000 1.000000 0.000000 0.000000 0.000000 0.000000 1.000000
1.000000 0.000000 0.000000 0.000000 0.000000 1.000000 0.000000 0.000000 0.000000 0.000000 1.000000 0.000000 0.000000 0.000000 0.000000 1.000000
1.000000 0.000000 0.000000 0.000000 0.000000 1.000000 0.000000 0.000000 0.000000 0.000000 1.000000 0.000000 0.000000 0.000000 0.000000 1.000000
1.000000 0.000000 0.000000 0.000000 0.000000 1.000000 0.000000 0.000000 0.000000 0.000000 1.000000 0.000000 0.000000 0.000000 0.000000 1.000000
1.000000 0.000000 0.000000 0.000000 0.000000 1.000000 0.000000 0.000000 0.000000 0.000000 1.000000 0.000000 0.000000 0.000000 0.000000 1.000000
1.000000 0.000000 0.000000 0.000000 0.000000 1.000000 0.000000 0.000000 0.000000 0.000000 1.000000 0.000000 0.000000 0.000000 0.000000 1.000000
1.000000 0.000000 0.000000 0.000000 0.000000 1.000000 0.000000 0.000000 0.000000 0.000000 1.000000 0.000000 0.000000 0.000000 0.000000 1.000000
1.000000 0.000000 0.000000 0.000000 0.000000 1.000000 0.000000 0.000000 0.000000 0.000000 1.000000 0.000000 0.000000 0.000000 0.000000 1.000000
1.000000 0.000000 0.000000 0.000000 0.000000 1.000000 0.000000 0.000000 0.000000 0.000000 1.000000 0.000000 0.000000 0.000000 0.000000 1.000000
1.000000 0.000000 0.000000 0.000000 0.000000 1.000000 0.000000 0.000000 0.000000 0.000000 1.000000 0.000000 0.000000 0.000000 0.000000 1.000000
1.000000 0.000000 0.000000 0.000000 0.000000 1.000000 0.000000 0.000000 0.000000 0.000000 1.000000 0.000000 0.000000 0.000000 0.000000 1.000000
1.000000 0.000000 0.000000 0.000000 0.000000 1.000000 0.000000 0.000000 0.000000 0.000000 1.000000 0.000000 0.000000 0.000000 0.000000 1.000000
1.000000 0.000000 0.000000 0.000000 0.000000 1.000000 0.000000 0.000000 0.000000 0.000000 1.000000 0.000000 0.000000 0.000000 0.000000 1.000000
1.000000 0.000000 0.000000 0.000000 0.000000 1.000000 0.000000 0.000000 0.000000 0.000000 1.000000 0.000000 0.000000 0.000000 0.000000 1.000000
1.000000 0.000000 0.000000 0.000000 0.000000 1.000000 0.000000 0.000000 0.000000 0.000000 1.000000 0.000000 0.000000 0.000000 0.000000 1.000000
1.000000 0.000000 0.000000 0.000000 0.000000 1.000000 0.000000 0.000000 0.000000 0.000000 1.000000 0.000000 0.000000 0.000000 0.000000 1.000000
1.000000 0.000000 0.000000 0.000000 0.000000 1.000000 0.000000 0.000000 0.000000 0.000000 1.000000 0.000000 0.000000 0.000000 0.000000 1.000000
1.000000 0.000000 0.000000 0.000000 0.000000 1.000000 0.000000 0.000000 0.000000 0.000000 1.000000 0.000000 0.000000 0.000000 0.000000 1.000000
1.000000 0.000000 0.000000 0.000000 0.000000 1.000000 0.000000 0.000000 0.000000 0.000000 1.000000 0.000000 0.000000 0.000000 0.000000 1.000000
1.000000 0.000000 0.000000 0.000000 0.000000 1.000000 0.000000 0.000000 0.000000 0.000000 1.000000 0.000000 0.000000 0.000000 0.000000 1.000000
1.000000 0.000000 0.000000 0.000000 0.000000 1.000000 0.000000 0.000000 0.000000 0.000000 1.000000 0.000000 0.000000 0.000000 0.000000 1.000000
1.000000 0.000000 0.000000 0.000000 0.000000 1.000000 0.000000 0.000000 0.000000 0.000000 1.000000 0.000000 0.000000 0.000000 0.000000 1.000000
1.000000 0.000000 0.000000 0.000000 0.000000 1.000000 0.000000 0.000000 0.000000 0.000000 1.000000 0.000000 0.000000 0.000000 0.000000 1.000000
1.000000 0.000000 0.000000 0.000000 0.000000 1.000000 0.000000 0.000000 0.000000 0.000000 1.000000 0.000000 0.000000 0.000000 0.000000 1.000000
1.000000 0.000000 0.000000 0.000000 0.000000 1.000000 0.000000 0.000000 0.000000 0.000000 1.000000 0.000000 0.000000 0.000000 0.000000 1.000000
1.000000 0.000000 0.000000 0.000000 0.000000 1.000000 0.000000 0.000000 0.000000 0.000000 1.000000 0.000000 0.000000 0.000000 0.000000 1.000000
1.000000 0.000000 0.000000 0.000000 0.000000 1.000000 0.000000 0.000000 0.000000 0.000000 1.000000 0.000000 0.000000 0.000000 0.000000 1.000000
1.000000 0.000000 0.000000 0.000000 0.000000 1.000000 0.000000 0.000000 0.000000 0.000000 1.000000 0.000000 0.000000 0.000000 0.000000 1.000000
1.000000 0.000000 0.000000 0.000000 0.000000 1.000000 0.000000 0.000000 0.000000 0.000000 1.000000 0.000000 0.000000 0.000000 0.000000 1.000000
1.000000 0.000000 0.000000 0.000000 0.000000 1.000000 0.000000 0.000000 0.000000 0.000000 1.000000 0.000000 0.000000 0.000000 0.000000 1.000000
1.000000 0.000000 0.000000 0.000000 0.000000 1.000000 0.000000 0.000000 0.000000 0.000000 1.000000 0.000000 0.000000 0.000000 0.000000 1.000000
1.000000 0.000000 0.000000 0.000000 0.000000 1.000000 0.000000 0.000000 0.000000 0.000000 1.000000 0.000000 0.000000 0.000000 0.000000 1.000000
1.000000 0.000000 0.000000 0.000000 0.000000 1.000000 0.000000 0.000000 0.000000 0.000000 1.000000 0.000000 0.000000 0.000000 0.000000 1.000000
1.000000 0.000000 0.000000 0.000000 0.000000 1.000000 0.000000 0.000000 0.000000 0.000000 1.000000 0.000000 0.000000 0.000000 0.000000 1.000000
1.000000 0.000000 0.000000 0.000000 0.000000 1.000000 0.000000 0.000000 0.000000 0.000000 1.000000 0.000000 0.000000 0.000000 0.000000 1.000000
1.000000 0.000000 0.000000 0.000000 0.000000 1.000000 0.000000 0.000000 0.000000 0.000000 1.000000 0.000000 0.000000 0.000000 0.000000 1.000000
1.000000 0.000000 0.000000 0.000000 0.000000 1.000000 0.000000 0.000000 0.000000 0.000000 1.000000 0.000000 0.000000 0.000000 0.000000 1.000000
1.000000 0.000000 0.000000 0.000000 0.000000 1.000000 0.000000 0.000000 0.000000 0.000000 1.000000 0.000000 0.000000 0.000000 0.000000 1.000000
1.000000 0.000000 0.000000 0.000000 0.000000 1.000000 0.000000 0.000000 0.000000 0.000000 1.000000 0.000000 0.000000 0.000000 0.000000 1.000000
1.000000 0.000000 0.000000 0.000000 0.000000 1.000000 0.000000 0.000000 0.000000 0.000000 1.000000 0.000000 0.000000 0.000000 0.000000 1.000000
1.000000 0.000000 0.000000 0.000000 0.000000 1.000000 0.000000 0.000000 0.000000 0.000000 1.000000 0.000000 0.000000 0.000000 0.000000 1.000000
1.000000 0.000000 0.000000 0.000000 0.000000 1.000000 0.000000 0.000000 0.000000 0.000000 1.000000 0.000000 0.000000 0.000000 0.000000 1.000000
1.000000 0.000000 0.000000 0.000000 0.000000 1.000000 0.000000 0.000000 0.000000 0.000000 1.000000 0.000000 0.000000 0.000000 0.000000 1.000000
1.000000 0.000000 0.000000 0.000000 0.000000 1.000000 0.000000 0.000000 0.000000 0.000000 1.000000 0.000000 0.000000 0.000000 0.000000 1.000000
1.000000 0.000000 0.000000 0.000000 0.000000 1.000000 0.000000 0.000000 0.000000 0.000000 1.000000 0.000000 0.000000 0.000000 0.000000 1.000000
1.000000 0.000000 0.000000 0.000000 0.000000 1.000000 0.000000 0.000000 0.000000 0.000000 1.000000 0.000000 0.000000 0.000000 0.000000 1.000000
1.000000 0.000000 0.000000 0.000000 0.000000 1.000000 0.000000 0.000000 0.000000 0.000000 1.000000 0.000000 0.000000 0.000000 0.000000 1.000000
1.000000 0.000000 0.000000 0.000000 0.000000 1.000000 0.000000 0.000000 0.000000 0.000000 1.000000 0.000000 0.000000 0.000000 0.000000 1.000000
1.000000 0.000000 0.000000 0.000000 0.000000 1.000000 0.000000 0.000000 0.000000 0.000000 1.000000 0.000000 0.000000 0.000000 0.000000 1.000000
1.000000 0.000000 0.000000 0.000000 0.000000 1.000000 0.000000 0.000000 0.000000 0.000000 1.000000 0.000000 0.000000 0.000000 0.000000 1.000000
1.000000 0.000000 0.000000 0.000000 0.000000 1.000000 0.000000 0.000000 0.000000 0.000000 1.000000 0.000000 0.000000 0.000000 0.000000 1.000000</float_array>
        <technique_common>
          <accessor source="#Armature-Matrix-animation-output-transform-array" count="133" stride="16">
            <param type="float4x4"/>
          </accessor>
        </technique_common>
      </source>
      <source id="Armature-Interpolations">
        <Name_array id="Armature-Interpolations-array" count="133">
 LINEAR LINEAR LINEAR LINEAR LINEAR LINEAR LINEAR LINEAR LINEAR LINEAR LINEAR
LINEAR LINEAR LINEAR LINEAR LINEAR LINEAR LINEAR LINEAR LINEAR LINEAR LINEAR LINEAR
LINEAR LINEAR LINEAR LINEAR LINEAR LINEAR LINEAR LINEAR LINEAR LINEAR LINEAR LINEAR
LINEAR LINEAR LINEAR LINEAR LINEAR LINEAR LINEAR LINEAR LINEAR LINEAR LINEAR LINEAR
LINEAR LINEAR LINEAR LINEAR LINEAR LINEAR LINEAR LINEAR LINEAR LINEAR LINEAR LINEAR
LINEAR LINEAR LINEAR LINEAR LINEAR LINEAR LINEAR LINEAR LINEAR LINEAR LINEAR LINEAR
LINEAR LINEAR LINEAR LINEAR LINEAR LINEAR LINEAR LINEAR LINEAR LINEAR LINEAR LINEAR
LINEAR LINEAR LINEAR LINEAR LINEAR LINEAR LINEAR LINEAR LINEAR LINEAR LINEAR LINEAR
LINEAR LINEAR LINEAR LINEAR LINEAR LINEAR LINEAR LINEAR LINEAR LINEAR LINEAR LINEAR
LINEAR LINEAR LINEAR LINEAR LINEAR LINEAR LINEAR LINEAR LINEAR LINEAR LINEAR LINEAR
LINEAR LINEAR LINEAR LINEAR LINEAR LINEAR LINEAR LINEAR LINEAR LINEAR LINEAR LINEAR
LINEAR LINEAR</Name_array>
        <technique_common>
          <accessor source="#Armature-Interpolations-array" count="133">
            <param type="name"/>
          </accessor>
        </technique_common>
      </source>
      <sampler id="Armature-Matrix-animation-transform">
        <input semantic="INPUT" source="#Armature-Matrix-animation-input"/>
        <input semantic="OUTPUT" source="#Armature-Matrix-animation-output-transform"/>
        <input semantic="INTERPOLATION" source="#Armature-Interpolations"/>
      </sampler>
      <channel source="#Armature-Matrix-animation-transform" target="Armature/matrix"/>
    </animation>
    <animation id="mixamorig_Hips-anim" name="mixamorig_Hips">
      <source id="mixamorig_Hips-Matrix-animation-input">
        <float_array id="mixamorig_Hips-Matrix-animation-input-array" count="133">

0.000000 0.033333 0.066667 0.100000 0.133333 0.166667 0.200000 0.233333 0.266667 0.300000 0.333333 0.366667 0.400000 0.433333 0.466667 0.500000
0.533333 0.566667 0.600000 0.633333 0.666667 0.700000 0.733333 0.766667 0.800000 0.833333 0.866667 0.900000 0.933333 0.966667 1.000000 1.033333
1.066667 1.100000 1.133333 1.166667 1.200000 1.233333 1.266667 1.300000 1.333333 1.366667 1.400000 1.433333 1.466667 1.500000 1.533333 1.566667
1.600000 1.633333 1.666667 1.700000 1.733333 1.766667 1.800000 1.833333 1.866667 1.900000 1.933333 1.966667 2.000000 2.033333 2.066667 2.100000
2.133333 2.166667 2.200000 2.233333 2.266667 2.300000 2.333333 2.366667 2.400000 2.433333 2.466667 2.500000 2.533333 2.566667 2.600000 2.633333
2.666667 2.700000 2.733333 2.766667 2.800000 2.833333 2.866667 2.900000 2.933333 2.966667 3.000000 3.033333 3.066667 3.100000 3.133333 3.166667
3.200000 3.233333 3.266667 3.300000 3.333333 3.366667 3.400000 3.433333 3.466667 3.500000 3.533333 3.566667 3.600000 3.633333 3.666667 3.700000
3.733333 3.766667 3.800000 3.833333 3.866667 3.900000 3.933333 3.966667 4.000000 4.033333 4.066667 4.100000 4.133333 4.166667 4.200000 4.233333
4.266667 4.300000 4.333333 4.366667 4.400000</float_array>
        <technique_common>
          <accessor source="#mixamorig_Hips-Matrix-animation-input-array" count="133">
            <param name="TIME" type="float"/>
          </accessor>
        </technique_common>
      </source>
      <source id="mixamorig_Hips-Matrix-animation-output-transform">
        <float_array id="mixamorig_Hips-Matrix-animation-output-transform-array" count="2128">

0.983401 -0.010698 -0.181130 0.311838 0.014648 0.999683 0.020484 100.506927 0.180854 -0.022797 0.983246 -1.948134 0.000000 0.000000 0.000000 1.000000
0.983276 -0.010515 -0.181820 0.330851 0.014635 0.999665 0.021335 100.496689 0.181534 -0.023639 0.983100 -1.990608 0.000000 0.000000 0.000000 1.000000
0.983116 -0.010464 -0.182686 0.360482 0.014742 0.999648 0.022075 100.488739 0.182391 -0.024395 0.982923 -2.024698 0.000000 0.000000 0.000000 1.000000
0.983187 -0.010692 -0.182289 0.385964 0.015093 0.999627 0.022773 100.480133 0.181977 -0.025141 0.982981 -2.062638 0.000000 0.000000 0.000000 1.000000
0.983616 -0.011564 -0.179906 0.384519 0.016488 0.999529 0.025900 100.463226 0.179521 -0.028442 0.983343 -2.131550 0.000000 0.000000 0.000000 1.000000
0.984655 -0.011166 -0.174153 0.361428 0.017356 0.999269 0.034061 100.418312 0.173646 -0.036561 0.984129 -2.260276 0.000000 0.000000 0.000000 1.000000
0.986330 -0.008325 -0.164572 0.304619 0.016548 0.998678 0.048661 100.290382 0.163949 -0.050719 0.985164 -2.497539 0.000000 0.000000 0.000000 1.000000
0.988441 -0.005494 -0.151505 0.251655 0.016173 0.997462 0.069342 99.894981 0.150739 -0.070990 0.986021 -2.929909 0.000000 0.000000 0.000000 1.000000
0.991599 -0.006042 -0.129208 0.166339 0.018649 0.995150 0.096584 99.463768 0.127998 -0.098182 0.986903 -3.617665 0.000000 0.000000 0.000000 1.000000
0.995957 -0.007316 -0.089532 -0.027584 0.018796 0.991588 0.128059 99.184708 0.087842 -0.129225 0.987717 -4.552155 0.000000 0.000000 0.000000 1.000000
0.998930 -0.025450 -0.038626 -0.577368 0.031027 0.987981 0.151432 99.317726 0.034307 -0.152468 0.987713 -5.655318 0.000000 0.000000 0.000000 1.000000
0.998084 -0.057667 0.022405 -1.535434 0.053478 0.986275 0.156210 100.081779 -0.031106 -0.154713 0.987470 -6.730513 0.000000 0.000000 0.000000 1.000000
0.992311 -0.081022 0.093568 -2.681928 0.066661 0.986808 0.147533 100.859665 -0.104287 -0.140161 0.984621 -7.725132 0.000000 0.000000 0.000000 1.000000
0.983211 -0.091677 0.157771 -3.705839 0.068881 0.987128 0.144342 101.229942 -0.168973 -0.131051 0.976869 -8.775719 0.000000 0.000000 0.000000 1.000000
0.975410 -0.100367 0.196217 -4.588194 0.070749 0.985764 0.152526 101.346252 -0.208732 -0.134893 0.968625 -9.905626 0.000000 0.000000 0.000000 1.000000
0.972347 -0.102453 0.209869 -5.213991 0.068544 0.984256 0.162919 101.202667 -0.223256 -0.144028 0.964060 -11.022078 0.000000 0.000000 0.000000 1.000000
0.971349 -0.097486 0.216742 -5.573827 0.059892 0.982973 0.173714 100.702286 -0.229987 -0.155755 0.960649 -12.280444 0.000000 0.000000 0.000000 1.000000
0.968943 -0.090685 0.230054 -5.770558 0.048067 0.981655 0.184507 100.024879 -0.242566 -0.167719 0.955527 -13.866701 0.000000 0.000000 0.000000 1.000000
0.964952 -0.084879 0.248321 -5.865405 0.036845 0.980695 0.192039 99.309021 -0.259827 -0.176159 0.949451 -15.788103 0.000000 0.000000 0.000000 1.000000
0.960505 -0.080385 0.266399 -5.939530 0.027276 0.979953 0.197352 98.637024 -0.276922 -0.182291 0.943443 -17.956421 0.000000 0.000000 0.000000 1.000000
0.957206 -0.073293 0.279974 -5.999209 0.016689 0.979770 0.199431 98.045441 -0.288927 -0.186224 0.939064 -20.346373 0.000000 0.000000 0.000000 1.000000
0.954118 -0.065106 0.292266 -6.007984 0.006155 0.980134 0.198242 97.434196 -0.299366 -0.187347 0.935565 -22.998600 0.000000 0.000000 0.000000 1.000000
0.950295 -0.059239 0.305664 -5.910702 -0.002563 0.980211 0.197938 96.636688 -0.311341 -0.188883 0.931338 -26.123589 0.000000 0.000000 0.000000 1.000000
0.946785 -0.052322 0.317585 -5.620188 -0.011666 0.980472 0.196312 95.635231 -0.321654 -0.189570 0.927686 -30.009777 0.000000 0.000000 0.000000 1.000000
0.945348 -0.044663 0.322990 -5.182720 -0.020312 0.980584 0.195045 94.545135 -0.325431 -0.190946 0.926086 -34.741516 0.000000 0.000000 0.000000 1.000000
0.948127 -0.043457 0.314909 -4.781784 -0.019220 0.980964 0.193239 93.596497 -0.317312 -0.189267 0.929242 -40.086998 0.000000 0.000000 0.000000 1.000000
0.959571 -0.045017 0.277842 -4.174483 -0.007594 0.982627 0.185438 92.925728 -0.281363 -0.180051 0.942559 -45.756916 0.000000 0.000000 0.000000 1.000000
0.978494 -0.038947 0.202567 -3.239564 0.003156 0.984725 0.174087 92.759171 -0.206253 -0.169704 0.963670 -50.396427 0.000000 0.000000 0.000000 1.000000
0.990653 -0.026240 0.133855 -2.431273 0.003687 0.986115 0.166022 93.422180 -0.136353 -0.163977 0.976995 -54.020470 0.000000 0.000000 0.000000 1.000000
0.995066 -0.015630 0.097977 -1.984516 -0.001073 0.985760 0.168155 94.931595 -0.099211 -0.167431 0.980879 -57.623222 0.000000 0.000000 0.000000 1.000000
0.995821 0.004147 0.091236 -1.916159 -0.019349 0.985872 0.166377 96.729507 -0.089257 -0.167447 0.981832 -60.919403 0.000000 0.000000 0.000000 1.000000
0.995115 0.025911 0.095259 -2.015344 -0.040601 0.986974 0.155674 98.216484 -0.089985 -0.158781 0.983205 -63.768925 0.000000 0.000000 0.000000 1.000000
0.994284 0.037975 0.099783 -2.023532 -0.051206 0.989713 0.133587 99.379181 -0.093684 -0.137933 0.986001 -66.414642 0.000000 0.000000 0.000000 1.000000
0.994435 0.037750 0.098360 -1.977888 -0.047301 0.994193 0.096661 100.067291 -0.094140 -0.100776 0.990445 -68.901222 0.000000 0.000000 0.000000 1.000000
0.996004 0.033333 0.082850 -1.745870 -0.038535 0.997331 0.062007 100.440063 -0.080562 -0.064952 0.994631 -71.226540 0.000000 0.000000 0.000000 1.000000
0.997420 0.034193 0.063127 -1.371095 -0.035326 0.999233 0.016918 100.605705 -0.062500 -0.019104 0.997862 -73.357857 0.000000 0.000000 0.000000 1.000000
0.998745 0.032845 0.037818 -1.014892 -0.031368 0.998746 -0.039028 100.494064 -0.039052 0.037793 0.998522 -75.372185 0.000000 0.000000 0.000000 1.000000
0.999753 0.022212 -0.000328 -0.696597 -0.022156 0.995954 -0.087086 100.264259 -0.001608 0.087072 0.996201 -77.470512 0.000000 0.000000 0.000000 1.000000
0.999157 0.007076 -0.040445 -0.492466 -0.012202 0.991707 -0.127939 99.965004 0.039204 0.128325 0.990957 -79.688385 0.000000 0.000000 0.000000 1.000000
0.997551 -0.013556 -0.068619 -0.447746 0.002188 0.986607 -0.163102 99.424995 0.069911 0.162552 0.984220 -81.994019 0.000000 0.000000 0.000000 1.000000
0.996244 -0.039953 -0.076821 -0.606975 0.024175 0.980247 -0.196297 98.488693 0.083146 0.193702 0.977531 -84.347893 0.000000 0.000000 0.000000 1.000000
0.995201 -0.065315 -0.072868 -0.930944 0.047187 0.972661 -0.227387 97.291534 0.085728 0.222857 0.971074 -86.600815 0.000000 0.000000 0.000000 1.000000
0.994038 -0.084969 -0.068332 -1.274029 0.064943 0.964775 -0.254935 95.650742 0.087586 0.248977 0.964541 -88.742882 0.000000 0.000000 0.000000 1.000000
0.992178 -0.100823 -0.073606 -1.549176 0.077582 0.959966 -0.269159 93.594986 0.097797 0.261343 0.960279 -90.703339 0.000000 0.000000 0.000000 1.000000
0.991182 -0.101922 -0.084679 -1.771494 0.077406 0.964029 -0.254278 91.759857 0.107549 0.245481 0.963417 -92.033249 0.000000 0.000000 0.000000 1.000000
0.993184 -0.081938 -0.082896 -2.097425 0.060728 0.970817 -0.232007 90.581375 0.099487 0.225391 0.969175 -92.289688 0.000000 0.000000 0.000000 1.000000
0.994554 -0.070465 -0.076796 -2.685533 0.053044 0.976471 -0.209024 89.639053 0.089717 0.203812 0.974891 -91.611794 0.000000 0.000000 0.000000 1.000000
0.994774 -0.071345 -0.073035 -3.320310 0.058430 0.984428 -0.165793 88.273285 0.083727 0.160659 0.983452 -90.286499 0.000000 0.000000 0.000000 1.000000
0.996288 -0.065239 -0.056161 -3.873571 0.057799 0.990447 -0.125197 86.211006 0.063792 0.121486 0.990541 -88.440071 0.000000 0.000000 0.000000 1.000000
0.997538 -0.064767 -0.026906 -4.321203 0.061848 0.993267 -0.097953 83.524384 0.033069 0.096047 0.994827 -86.455704 0.000000 0.000000 0.000000 1.000000
0.997848 -0.065566 -0.000426 -4.680358 0.065333 0.994810 -0.078003 80.240074 0.005538 0.077807 0.996953 -84.582306 0.000000 0.000000 0.000000 1.000000
0.997550 -0.066407 0.021986 -5.140945 0.067410 0.996545 -0.048523 76.523804 -0.018688 0.049886 0.998580 -82.848183 0.000000 0.000000 0.000000 1.000000
0.996235 -0.075742 0.042183 -5.951015 0.076256 0.997031 -0.010709 72.677353 -0.041247 0.013886 0.999052 -81.154564 0.000000 0.000000 0.000000 1.000000
0.993940 -0.089096 0.064382 -6.946352 0.087899 0.995904 0.021185 68.587685 -0.066005 -0.015398 0.997700 -79.477966 0.000000 0.000000 0.000000 1.000000
0.989653 -0.104612 0.098199 -8.310342 0.101274 0.994117 0.038397 64.669975 -0.101638 -0.028055 0.994426 -77.755898 0.000000 0.000000 0.000000 1.000000
0.983539 -0.122575 0.132764 -9.855326 0.117687 0.992072 0.044087 60.810062 -0.137115 -0.027737 0.990167 -76.047813 0.000000 0.000000 0.000000 1.000000
0.977505 -0.140512 0.157292 -11.403515 0.135347 0.989859 0.043135 56.948223 -0.161758 -0.020876 0.986610 -74.313644 0.000000 0.000000 0.000000 1.000000
0.973481 -0.155877 0.167440 -12.901912 0.150875 0.987649 0.042271 53.285809 -0.171961 -0.015888 0.984976 -72.596931 0.000000 0.000000 0.000000 1.000000
0.972777 -0.155432 0.171891 -13.998976 0.151565 0.987810 0.035478 50.802238 -0.175310 -0.008459 0.984477 -70.578781 0.000000 0.000000 0.000000 1.000000
0.975342 -0.122001 0.183910 -14.581490 0.125144 0.992123 -0.005540 50.704311 -0.181786 0.028418 0.982927 -67.732994 0.000000 0.000000 0.000000 1.000000
0.979582 -0.105299 0.171266 -15.232141 0.120490 0.989417 -0.080842 51.625000 -0.160941 0.099828 0.981902 -64.534111 0.000000 0.000000 0.000000 1.000000
0.985047 -0.124770 0.118803 -15.719524 0.140637 0.980651 -0.136178 52.423038 -0.099513 0.150850 0.983535 -61.620293 0.000000 0.000000 0.000000 1.000000
0.987592 -0.152688 0.036725 -16.148266 0.156736 0.972943 -0.169750 52.817810 -0.009813 0.173400 0.984803 -59.016975 0.000000 0.000000 0.000000 1.000000
0.984601 -0.169478 -0.042872 -16.685240 0.157199 0.965630 -0.206997 52.536430 0.076480 0.197070 0.977402 -56.524967 0.000000 0.000000 0.000000 1.000000
0.981000 -0.169585 -0.094236 -17.149321 0.141452 0.957642 -0.250826 51.692265 0.132781 0.232730 0.963434 -53.805832 0.000000 0.000000 0.000000 1.000000
0.978720 -0.157881 -0.131078 -17.468021 0.113312 0.948371 -0.296230 50.579391 0.171080 0.275073 0.946079 -50.806911 0.000000 0.000000 0.000000 1.000000
0.973962 -0.139471 -0.178735 -17.649271 0.069140 0.933551 -0.351714 49.276150 0.215912 0.330199 0.918886 -47.296112 0.000000 0.000000 0.000000 1.000000
0.960695 -0.124759 -0.247991 -17.723946 0.009177 0.907109 -0.420796 47.542465 0.277453 0.401981 0.872600 -43.662418 0.000000 0.000000 0.000000 1.000000
0.937286 -0.116347 -0.328569 -17.639460 -0.057211 0.878510 -0.474285 45.521645 0.343833 0.463339 0.816759 -39.944035 0.000000 0.000000 0.000000 1.000000
0.916068 -0.115181 -0.384127 -18.023975 -0.112494 0.845599 -0.521831 43.250603 0.384922 0.521244 0.761669 -36.203735 0.000000 0.000000 0.000000 1.000000
0.916573 -0.138715 -0.375035 -19.183706 -0.123390 0.794015 -0.595244 40.897629 0.380353 0.591860 0.710657 -32.873959 0.000000 0.000000 0.000000 1.000000
0.935645 -0.198535 -0.291809 -20.895224 -0.059700 0.725850 -0.685257 38.452801 0.347858 0.658578 0.667285 -29.876865 0.000000 0.000000 0.000000 1.000000
0.948398 -0.254338 -0.189352 -22.548086 0.016106 0.635036 -0.772314 35.659447 0.316674 0.729411 0.606363 -26.402588 0.000000 0.000000 0.000000 1.000000
0.946950 -0.299252 -0.117192 -24.042625 0.067063 0.540619 -0.838590 32.247139 0.314306 0.786244 0.532008 -21.981216 0.000000 0.000000 0.000000 1.000000
0.937839 -0.342971 -0.053181 -25.557783 0.116166 0.454585 -0.883096 28.073570 0.327051 0.822024 0.466169 -17.291721 0.000000 0.000000 0.000000 1.000000
0.928572 -0.371116 -0.005140 -26.763504 0.142445 0.369131 -0.918396 23.851900 0.342729 0.852065 0.395629 -13.394690 0.000000 0.000000 0.000000 1.000000
0.921602 -0.387363 0.024501 -27.919788 0.143198 0.280664 -0.949064 20.023724 0.360756 0.878167 0.314130 -9.804028 0.000000 0.000000 0.000000 1.000000
0.911122 -0.404630 0.078300 -29.377594 0.158800 0.169355 -0.972677 17.000021 0.380314 0.898662 0.218559 -6.624490 0.000000 0.000000 0.000000 1.000000
0.888531 -0.444939 0.111992 -31.353485 0.165681 0.083530 -0.982636 15.951729 0.427859 0.891657 0.147937 -4.240178 0.000000 0.000000 0.000000 1.000000
0.871323 -0.479215 0.105589 -33.254681 0.159324 0.072757 -0.984542 16.477760 0.464125 0.874677 0.139745 -2.445505 0.000000 0.000000 0.000000 1.000000
0.868169 -0.487230 0.094285 -34.655113 0.153687 0.083314 -0.984601 17.231489 0.471872 0.869291 0.147211 -0.977772 0.000000 0.000000 0.000000 1.000000
0.870395 -0.485328 0.082883 -35.574139 0.139067 0.080852 -0.986977 17.485872 0.472306 0.870586 0.137867 0.392106 0.000000 0.000000 0.000000 1.000000
0.871778 -0.484601 0.071866 -36.082905 0.127335 0.082488 -0.988424 17.219055 0.473064 0.870837 0.133618 1.521492 0.000000 0.000000 0.000000 1.000000
0.872847 -0.481857 0.077153 -36.322952 0.133600 0.083895 -0.987478 16.755512 0.469350 0.872225 0.137604 2.219503 0.000000 0.000000 0.000000 1.000000
0.875526 -0.475661 0.084854 -36.310959 0.142719 0.086812 -0.985949 16.555811 0.461611 0.875335 0.143892 2.596600 0.000000 0.000000 0.000000 1.000000
0.881010 -0.464991 0.087208 -36.065247 0.146950 0.093747 -0.984691 16.642296 0.449697 0.880338 0.150922 2.736328 0.000000 0.000000 0.000000 1.000000
0.885312 -0.457373 0.083867 -35.741199 0.143626 0.097425 -0.984825 16.744291 0.442261 0.883922 0.151942 2.686770 0.000000 0.000000 0.000000 1.000000
0.888338 -0.453215 0.073834 -35.389000 0.131618 0.097267 -0.986517 16.759693 0.439923 0.886078 0.146057 2.615808 0.000000 0.000000 0.000000 1.000000
0.889657 -0.452582 0.060654 -35.167156 0.118699 0.100951 -0.987785 16.700951 0.440931 0.885990 0.143533 2.176475 0.000000 0.000000 0.000000 1.000000
0.891146 -0.450695 0.052275 -34.906811 0.112184 0.107237 -0.987884 16.556995 0.439628 0.886214 0.146124 1.786633 0.000000 0.000000 0.000000 1.000000
0.894844 -0.443688 0.048931 -34.726841 0.110946 0.114893 -0.987163 16.377958 0.432371 0.888786 0.152037 1.484073 0.000000 0.000000 0.000000 1.000000
0.896802 -0.439947 0.046825 -34.601509 0.110922 0.121120 -0.986421 16.263344 0.428302 0.889818 0.157420 1.336516 0.000000 0.000000 0.000000 1.000000
0.896176 -0.441530 0.043804 -34.501060 0.107885 0.121079 -0.986763 16.233904 0.430382 0.889039 0.156143 1.383398 0.000000 0.000000 0.000000 1.000000
0.896510 -0.440839 0.043938 -34.480633 0.107177 0.119583 -0.987022 16.204105 0.429864 0.889584 0.154456 1.485451 0.000000 0.000000 0.000000 1.000000
0.897194 -0.439084 0.047408 -34.522678 0.109929 0.118065 -0.986902 16.162491 0.427736 0.890655 0.154195 1.643859 0.000000 0.000000 0.000000 1.000000
0.897980 -0.437177 0.050081 -34.606449 0.112548 0.118157 -0.986596 16.096003 0.425400 0.891580 0.155306 1.812208 0.000000 0.000000 0.000000 1.000000
0.898408 -0.436181 0.051075 -34.706825 0.114056 0.119434 -0.986269 16.023064 0.424092 0.891898 0.157050 1.923225 0.000000 0.000000 0.000000 1.000000
0.898660 -0.435648 0.051189 -34.786095 0.114894 0.121154 -0.985962 15.960969 0.423331 0.891926 0.158930 1.980191 0.000000 0.000000 0.000000 1.000000
