<?xml version="1.0" encoding="utf-8"?>
<COLLADA xmlns="http://www.collada.org/2005/11/COLLADASchema" version="1.4.1">
  <asset>
    <contributor>
      <author>Mixamo</author>
      <authoring_tool>COLLADA Mixamo exporter</authoring_tool>
      <comments/>
    </contributor>
    <created>2024-03-19T13:35:25Z</created>
    <modified>2024-03-19T13:35:25Z</modified>
    <revision/>
    <title/>
    <unit meter="0.010000"/>
    <up_axis>Y_UP</up_axis>
  </asset>
  <library_animations>
    <animation id="Armature-anim" name="Armature">
      <source id="Armature-Matrix-animation-input">
        <float_array id="Armature-Matrix-animation-input-array" count="27">

0.000000 0.033333 0.066667 0.100000 0.133333 0.166667 0.200000 0.233333 0.266667 0.300000 0.333333 0.366667 0.400000 0.433333 0.466667 0.500000
0.533333 0.566667 0.600000 0.633333 0.666667 0.700000 0.733333 0.766667 0.800000 0.833333 0.866667</float_array>
        <technique_common>
          <accessor source="#Armature-Matrix-animation-input-array" count="27">
            <param name="TIME" type="float"/>
          </accessor>
        </technique_common>
      </source>
      <source id="Armature-Matrix-animation-output-transform">
        <float_array id="Armature-Matrix-animation-output-transform-array" count="432">

1.000000 0.000000 0.000000 0.000000 0.000000 1.000000 0.000000 0.000000 0.000000 0.000000 1.000000 0.000000 0.000000 0.000000 0.000000 1.000000
1.000000 0.000000 0.000000 0.000000 0.000000 1.000000 0.000000 0.000000 0.000000 0.000000 1.000000 0.000000 0.000000 0.000000 0.000000 1.000000
1.000000 0.000000 0.000000 0.000000 0.000000 1.000000 0.000000 0.000000 0.000000 0.000000 1.000000 0.000000 0.000000 0.000000 0.000000 1.000000
1.000000 0.000000 0.000000 0.000000 0.000000 1.000000 0.000000 0.000000 0.000000 0.000000 1.000000 0.000000 0.000000 0.000000 0.000000 1.000000
1.000000 0.000000 0.000000 0.000000 0.000000 1.000000 0.000000 0.000000 0.000000 0.000000 1.000000 0.000000 0.000000 0.000000 0.000000 1.000000
1.000000 0.000000 0.000000 0.000000 0.000000 1.000000 0.000000 0.000000 0.000000 0.000000 1.000000 0.000000 0.000000 0.000000 0.000000 1.000000
1.000000 0.000000 0.000000 0.000000 0.000000 1.000000 0.000000 0.000000 0.000000 0.000000 1.000000 0.000000 0.000000 0.000000 0.000000 1.000000
1.000000 0.000000 0.000000 0.000000 0.000000 1.000000 0.000000 0.000000 0.000000 0.000000 1.000000 0.000000 0.000000 0.000000 0.000000 1.000000
1.000000 0.000000 0.000000 0.000000 0.000000 1.000000 0.000000 0.000000 0.000000 0.000000 1.000000 0.000000 0.000000 0.000000 0.000000 1.000000
1.000000 0.000000 0.000000 0.000000 0.000000 1.000000 0.000000 0.000000 0.000000 0.000000 1.000000 0.000000 0.000000 0.000000 0.000000 1.000000
1.000000 0.000000 0.000000 0.000000 0.000000 1.000000 0.000000 0.000000 0.000000 0.000000 1.000000 0.000000 0.000000 0.000000 0.000000 1.000000
1.000000 0.000000 0.000000 0.000000 0.000000 1.000000 0.000000 0.000000 0.000000 0.000000 1.000000 0.000000 0.000000 0.000000 0.000000 1.000000
1.000000 0.000000 0.000000 0.000000 0.000000 1.000000 0.000000 0.000000 0.000000 0.000000 1.000000 0.000000 0.000000 0.000000 0.000000 1.000000
1.000000 0.000000 0.000000 0.000000 0.000000 1.000000 0.000000 0.000000 0.000000 0.000000 1.000000 0.000000 0.000000 0.000000 0.000000 1.000000
1.000000 0.000000 0.000000 0.000000 0.000000 1.000000 0.000000 0.000000 0.000000 0.000000 1.000000 0.000000 0.000000 0.000000 0.000000 1.000000
1.000000 0.000000 0.000000 0.000000 0.000000 1.000000 0.000000 0.000000 0.000000 0.000000 1.000000 0.000000 0.000000 0.000000 0.000000 1.000000
1.000000 0.000000 0.000000 0.000000 0.000000 1.000000 0.000000 0.000000 0.000000 0.000000 1.000000 0.000000 0.000000 0.000000 0.000000 1.000000
1.000000 0.000000 0.000000 0.000000 0.000000 1.000000 0.000000 0.000000 0.000000 0.000000 1.000000 0.000000 0.000000 0.000000 0.000000 1.000000
1.000000 0.000000 0.000000 0.000000 0.000000 1.000000 0.000000 0.000000 0.000000 0.000000 1.000000 0.000000 0.000000 0.000000 0.000000 1.000000
1.000000 0.000000 0.000000 0.000000 0.000000 1.000000 0.000000 0.000000 0.000000 0.000000 1.000000 0.000000 0.000000 0.000000 0.000000 1.000000
1.000000 0.000000 0.000000 0.000000 0.000000 1.000000 0.000000 0.000000 0.000000 0.000000 1.000000 0.000000 0.000000 0.000000 0.000000 1.000000
1.000000 0.000000 0.000000 0.000000 0.000000 1.000000 0.000000 0.000000 0.000000 0.000000 1.000000 0.000000 0.000000 0.000000 0.000000 1.000000
1.000000 0.000000 0.000000 0.000000 0.000000 1.000000 0.000000 0.000000 0.000000 0.000000 1.000000 0.000000 0.000000 0.000000 0.000000 1.000000
1.000000 0.000000 0.000000 0.000000 0.000000 1.000000 0.000000 0.000000 0.000000 0.000000 1.000000 0.000000 0.000000 0.000000 0.000000 1.000000
1.000000 0.000000 0.000000 0.000000 0.000000 1.000000 0.000000 0.000000 0.000000 0.000000 1.000000 0.000000 0.000000 0.000000 0.000000 1.000000
1.000000 0.000000 0.000000 0.000000 0.000000 1.000000 0.000000 0.000000 0.000000 0.000000 1.000000 0.000000 0.000000 0.000000 0.000000 1.000000
1.000000 0.000000 0.000000 0.000000 0.000000 1.000000 0.000000 0.000000 0.000000 0.000000 1.000000 0.000000 0.000000 0.000000 0.000000 1.000000</float_array>
        <technique_common>
          <accessor source="#Armature-Matrix-animation-output-transform-array" count="27" stride="16">
            <param type="float4x4"/>
          </accessor>
        </technique_common>
      </source>
      <source id="Armature-Interpolations">
        <Name_array id="Armature-Interpolations-array" count="27">
 LINEAR LINEAR LINEAR LINEAR LINEAR LINEAR LINEAR LINEAR LINEAR LINEAR LINEAR
LINEAR LINEAR LINEAR LINEAR LINEAR LINEAR LINEAR LINEAR LINEAR LINEAR LINEAR LINEAR
LINEAR LINEAR LINEAR LINEAR</Name_array>
        <technique_common>
          <accessor source="#Armature-Interpolations-array" count="27">
            <param type="name"/>
          </accessor>
        </technique_common>
      </source>
      <sampler id="Armature-Matrix-animation-transform">
        <input semantic="INPUT" source="#Armature-Matrix-animation-input"/>
        <input semantic="OUTPUT" source="#Armature-Matrix-animation-output-transform"/>
        <input semantic="INTERPOLATION" source="#Armature-Interpolations"/>
      </sampler>
      <channel source="#Armature-Matrix-animation-transform" target="Armature/matrix"/>
    </animation>
    <animation id="mixamorig_Hips-anim" name="mixamorig_Hips">
      <source id="mixamorig_Hips-Matrix-animation-input">
        <float_array id="mixamorig_Hips-Matrix-animation-input-array" count="27">

0.000000 0.033333 0.066667 0.100000 0.133333 0.166667 0.200000 0.233333 0.266667 0.300000 0.333333 0.366667 0.400000 0.433333 0.466667 0.500000
0.533333 0.566667 0.600000 0.633333 0.666667 0.700000 0.733333 0.766667 0.800000 0.833333 0.866667</float_array>
        <technique_common>
          <accessor source="#mixamorig_Hips-Matrix-animation-input-array" count="27">
            <param name="TIME" type="float"/>
          </accessor>
        </technique_common>
      </source>
      <source id="mixamorig_Hips-Matrix-animation-output-transform">
        <float_array id="mixamorig_Hips-Matrix-animation-output-transform-array" count="432">

0.962222 0.019988 -0.271530 0.714978 -0.113331 0.936199 -0.332697 94.615311 0.247556 0.350902 0.903097 -1.255191 0.000000 0.000000 0.000000 1.000000
0.951795 -0.019330 -0.306124 0.553274 -0.070860 0.957160 -0.280757 98.242874 0.298437 0.288915 0.909650 -1.901878 0.000000 0.000000 0.000000 1.000000
0.958851 -0.091759 -0.268672 0.092862 0.019382 0.965280 -0.260499 103.728806 0.283247 0.244572 0.927338 -1.772824 0.000000 0.000000 0.000000 1.000000
0.967965 -0.187283 -0.167238 -0.801139 0.138270 0.953568 -0.267563 110.301102 0.209583 0.235867 0.948916 -2.039731 0.000000 0.000000 0.000000 1.000000
0.967207 -0.247933 -0.055129 -1.776352 0.223777 0.934515 -0.276777 117.122375 0.120141 0.255364 0.959352 -3.318737 0.000000 0.000000 0.000000 1.000000
0.969867 -0.243274 0.013254 -2.232427 0.237642 0.932619 -0.271565 123.424873 0.053704 0.266532 0.962329 -5.402277 0.000000 0.000000 0.000000 1.000000
0.977331 -0.209713 0.029046 -1.986600 0.210476 0.947603 -0.240310 128.979691 0.022873 0.240976 0.970261 -7.749963 0.000000 0.000000 0.000000 1.000000
0.981831 -0.188877 0.018272 -1.262434 0.188797 0.962633 -0.194150 133.653488 0.019081 0.194073 0.980802 -10.168858 0.000000 0.000000 0.000000 1.000000
0.983840 -0.178983 0.004798 -0.547354 0.177125 0.969014 -0.172159 137.315613 0.026164 0.170227 0.985057 -12.741536 0.000000 0.000000 0.000000 1.000000
0.987186 -0.159576 -0.000180 -0.006621 0.156380 0.967641 -0.198031 140.175751 0.031775 0.195466 0.980196 -15.034852 0.000000 0.000000 0.000000 1.000000
0.992625 -0.120954 0.008101 0.089474 0.118920 0.958604 -0.258721 141.852585 0.023528 0.257776 0.965918 -16.567682 0.000000 0.000000 0.000000 1.000000
0.997727 -0.060827 0.028988 -0.079262 0.066918 0.944845 -0.320609 142.430222 -0.007887 0.321820 0.946768 -17.342487 0.000000 0.000000 0.000000 1.000000
0.998478 0.017362 0.052355 -0.487528 0.002361 0.934845 -0.355049 141.351120 -0.055108 0.354632 0.933381 -17.854738 0.000000 0.000000 0.000000 1.000000
0.991921 0.114071 0.055506 -0.884772 -0.087253 0.931084 -0.354218 138.489624 -0.092086 0.346513 0.933514 -18.296488 0.000000 0.000000 0.000000 1.000000
0.974070 0.225570 0.017484 -0.886891 -0.207550 0.921665 -0.327806 133.961014 -0.090058 0.315677 0.944583 -18.480135 0.000000 0.000000 0.000000 1.000000
0.942897 0.329441 -0.049131 -0.311797 -0.329137 0.898887 -0.289261 127.836143 -0.051132 0.288914 0.955989 -18.094620 0.000000 0.000000 0.000000 1.000000
0.919102 0.381836 -0.097221 0.458607 -0.393829 0.882593 -0.256766 120.392570 -0.012236 0.274282 0.961571 -17.302368 0.000000 0.000000 0.000000 1.000000
0.932439 0.348903 -0.093942 0.779180 -0.361324 0.901683 -0.237513 112.327568 0.001836 0.255410 0.966831 -16.448471 0.000000 0.000000 0.000000 1.000000
0.966713 0.251334 -0.047932 0.435241 -0.255797 0.945050 -0.203590 104.455231 -0.005871 0.209074 0.977882 -15.683907 0.000000 0.000000 0.000000 1.000000
0.987996 0.154171 0.009781 -0.148399 -0.151130 0.977743 -0.145525 98.107025 -0.031999 0.142300 0.989306 -14.754469 0.000000 0.000000 0.000000 1.000000
0.993260 0.104927 0.049248 -0.451302 -0.099406 0.989636 -0.103625 94.223999 -0.059610 0.098031 0.993396 -13.070346 0.000000 0.000000 0.000000 1.000000
0.993841 0.098571 0.050628 -0.331257 -0.092284 0.989154 -0.114272 92.577385 -0.061343 0.108896 0.992159 -10.413899 0.000000 0.000000 0.000000 1.000000
0.994198 0.107549 0.001599 -0.051259 -0.105745 0.980021 -0.168456 91.814018 -0.019684 0.167309 0.985708 -7.666252 0.000000 0.000000 0.000000 1.000000
0.989805 0.109760 -0.090769 0.218897 -0.127977 0.965085 -0.228546 91.263565 0.062514 0.237832 0.969292 -5.847011 0.000000 0.000000 0.000000 1.000000
0.976556 0.095218 -0.193062 0.474248 -0.146117 0.951802 -0.269671 91.512054 0.158079 0.291558 0.943401 -4.696642 0.000000 0.000000 0.000000 1.000000
0.962791 0.063921 -0.262579 0.670745 -0.144038 0.943491 -0.298459 92.767899 0.228663 0.325175 0.917592 -3.301596 0.000000 0.000000 0.000000 1.000000
0.962222 0.019988 -0.271530 0.714979 -0.113331 0.936199 -0.332697 94.615311 0.247556 0.350901 0.903097 -1.255191 0.000000 0.000000 0.000000 1.000000</float_array>
        <technique_common>
          <accessor source="#mixamorig_Hips-Matrix-animation-output-transform-array" count="27" stride="16">
            <param type="float4x4"/>
          </accessor>
        </technique_common>
      </source>
      <source id="mixamorig_Hips-Interpolations">
        <Name_array id="mixamorig_Hips-Interpolations-array" count="27">
 LINEAR LINEAR LINEAR LINEAR LINEAR LINEAR LINEAR LINEAR LINEAR LINEAR LINEAR
LINEAR LINEAR LINEAR LINEAR LINEAR LINEAR LINEAR LINEAR LINEAR LINEAR LINEAR LINEAR
LINEAR LINEAR LINEAR LINEAR</Name_array>
        <technique_common>
          <accessor source="#mixamorig_Hips-Interpolations-array" count="27">
            <param type="name"/>
          </accessor>
        </technique_common>
      </source>
      <sampler id="mixamorig_Hips-Matrix-animation-transform">
        <input semantic="INPUT" source="#mixamorig_Hips-Matrix-animation-input"/>
        <input semantic="OUTPUT" source="#mixamorig_Hips-Matrix-animation-output-transform"/>
        <input semantic="INTERPOLATION" source="#mixamorig_Hips-Interpolations"/>
      </sampler>
      <channel source="#mixamorig_Hips-Matrix-animation-transform" target="mixamorig_Hips/matrix"/>
    </animation>
    <animation id="mixamorig_Spine-anim" name="mixamorig_Spine">
      <source id="mixamorig_Spine-Matrix-animation-input">
        <float_array id="mixamorig_Spine-Matrix-animation-input-array" count="27">

0.000000 0.033333 0.066667 0.100000 0.133333 0.166667 0.200000 0.233333 0.266667 0.300000 0.333333 0.366667 0.400000 0.433333 0.466667 0.500000
0.533333 0.566667 0.600000 0.633333 0.666667 0.700000 0.733333 0.766667 0.800000 0.833333 0.866667</float_array>
        <technique_common>
          <accessor source="#mixamorig_Spine-Matrix-animation-input-array" count="27">
            <param name="TIME" type="float"/>
          </accessor>
        </technique_common>
      </source>
      <source id="mixamorig_Spine-Matrix-animation-output-transform">
        <float_array id="mixamorig_Spine-Matrix-animation-output-transform-array" count="432">

0.998882 0.010889 0.046007 0.000000 -0.004758 0.991326 -0.131338 12.246100 -0.047038 0.130972 0.990270 0.234600 0.000000 0.000000 0.000000 1.000000
0.989587 0.042421 0.137541 0.000000 -0.020404 0.987277 -0.157694 12.246100 -0.142481 0.153245 0.977863 0.234600 0.000000 0.000000 0.000000 1.000000
0.970322 0.130402 0.203642 0.000000 -0.097188 0.981431 -0.165371 12.246100 -0.221425 0.140671 0.964978 0.234600 0.000000 0.000000 0.000000 1.000000
0.935320 0.260949 0.238918 0.000000 -0.224695 0.959734 -0.168591 12.246100 -0.273291 0.104002 0.956292 0.234600 0.000000 0.000000 0.000000 1.000000
0.903161 0.354324 0.242395 0.000000 -0.321697 0.932461 -0.164399 12.246100 -0.284274 0.070501 0.956147 0.234600 0.000000 0.000000 0.000000 1.000000
0.905891 0.361077 0.221324 -0.000000 -0.332845 0.930137 -0.155113 12.246100 -0.261869 0.066849 0.962785 0.234600 0.000000 0.000000 0.000000 1.000000
0.931216 0.315546 0.182395 0.000000 -0.286883 0.943264 -0.167186 12.246100 -0.224802 0.103360 0.968907 0.234600 0.000000 0.000000 0.000000 1.000000
0.952782 0.270278 0.138408 0.000000 -0.237910 0.947677 -0.212853 12.246100 -0.188696 0.169874 0.967231 0.234600 0.000000 0.000000 0.000000 1.000000
0.965450 0.237821 0.106526 -0.000000 -0.201952 0.941184 -0.270904 12.246100 -0.164687 0.240031 0.956694 0.234600 0.000000 0.000000 0.000000 1.000000
0.974313 0.206245 0.090431 0.000000 -0.168773 0.934591 -0.313137 12.246100 -0.149099 0.289831 0.945393 0.234600 0.000000 0.000000 0.000000 1.000000
0.982297 0.166991 0.084888 0.000000 -0.130855 0.935936 -0.326958 12.246100 -0.134049 0.310062 0.941219 0.234600 0.000000 0.000000 0.000000 1.000000
0.989250 0.115338 0.089894 0.000000 -0.081071 0.944186 -0.319282 12.246100 -0.121702 0.308562 0.943386 0.234600 0.000000 0.000000 0.000000 1.000000
0.992465 0.051156 0.111341 0.000000 -0.014700 0.951825 -0.306289 12.246100 -0.121646 0.302344 0.945405 0.234600 0.000000 0.000000 0.000000 1.000000
0.987149 -0.029569 0.157042 0.000000 0.075354 0.952745 -0.294278 12.246100 -0.140919 0.302330 0.942729 0.234600 0.000000 0.000000 0.000000 1.000000
0.967091 -0.129379 0.219081 0.000000 0.187524 0.944404 -0.270068 12.246100 -0.171960 0.302263 0.937586 0.234600 0.000000 0.000000 0.000000 1.000000
0.937519 -0.234256 0.257258 0.000000 0.293807 0.929077 -0.224709 12.246100 -0.186373 0.286253 0.939853 0.234600 0.000000 0.000000 0.000000 1.000000
0.927588 -0.300395 0.222133 0.000000 0.343071 0.920287 -0.188079 12.246100 -0.147928 0.250667 0.956704 0.234600 0.000000 0.000000 0.000000 1.000000
0.953763 -0.281677 0.104849 0.000000 0.297259 0.935583 -0.190584 12.246100 -0.044412 0.212939 0.976056 0.234600 0.000000 0.000000 0.000000 1.000000
0.981140 -0.188519 -0.042714 0.000000 0.175959 0.962527 -0.206352 12.246100 0.080015 0.194944 0.977545 0.234600 0.000000 0.000000 0.000000 1.000000
0.984859 -0.091754 -0.147088 0.000000 0.059709 0.976073 -0.209086 12.246100 0.162753 0.197137 0.966772 0.234600 0.000000 0.000000 0.000000 1.000000
0.981164 -0.051390 -0.186215 0.000000 0.013798 0.980147 -0.197791 12.246100 0.192683 0.191497 0.962394 0.234600 0.000000 0.000000 0.000000 1.000000
0.979709 -0.064303 -0.189831 0.000000 0.033040 0.985994 -0.163476 12.246100 0.197685 0.153887 0.968111 0.234600 0.000000 0.000000 0.000000 1.000000
0.978857 -0.093954 -0.181690 0.000000 0.073258 0.990372 -0.117455 12.246100 0.190976 0.101662 0.976316 0.234600 0.000000 0.000000 0.000000 1.000000
0.981170 -0.109126 -0.159366 0.000000 0.095120 0.991108 -0.093039 12.246100 0.168102 0.076128 0.982826 0.234600 0.000000 0.000000 0.000000 1.000000
0.989268 -0.095902 -0.110234 -0.000000 0.084789 0.991222 -0.101434 12.246100 0.118994 0.090999 0.988716 0.234600 0.000000 0.000000 0.000000 1.000000
0.997874 -0.054148 -0.036262 0.000000 0.049345 0.991265 -0.122303 12.246100 0.042568 0.120254 0.991830 0.234600 0.000000 0.000000 0.000000 1.000000
0.998882 0.010889 0.046007 0.000000 -0.004758 0.991326 -0.131338 12.246100 -0.047038 0.130972 0.990270 0.234600 0.000000 0.000000 0.000000 1.000000</float_array>
        <technique_common>
          <accessor source="#mixamorig_Spine-Matrix-animation-output-transform-array" count="27" stride="16">
            <param type="float4x4"/>
          </accessor>
        </technique_common>
      </source>
      <source id="mixamorig_Spine-Interpolations">
        <Name_array id="mixamorig_Spine-Interpolations-array" count="27">
 LINEAR LINEAR LINEAR LINEAR LINEAR LINEAR LINEAR LINEAR LINEAR LINEAR LINEAR
LINEAR LINEAR LINEAR LINEAR LINEAR LINEAR LINEAR LINEAR LINEAR LINEAR LINEAR LINEAR
LINEAR LINEAR LINEAR LINEAR</Name_array>
        <technique_common>
          <accessor source="#mixamorig_Spine-Interpolations-array" count="27">
            <param type="name"/>
          </accessor>
        </technique_common>
      </source>
      <sampler id="mixamorig_Spine-Matrix-animation-transform">
        <input semantic="INPUT" source="#mixamorig_Spine-Matrix-animation-input"/>
        <input semantic="OUTPUT" source="#mixamorig_Spine-Matrix-animation-output-transform"/>
        <input semantic="INTERPOLATION" source="#mixamorig_Spine-Interpolations"/>
      </sampler>
      <channel source="#mixamorig_Spine-Matrix-animation-transform" target="mixamorig_Spine/matrix"/>
    </animation>
    <animation id="mixamorig_Spine1-anim" name="mixamorig_Spine1">
      <source id="mixamorig_Spine1-Matrix-animation-input">
        <float_array id="mixamorig_Spine1-Matrix-animation-input-array" count="27">

0.000000 0.033333 0.066667 0.100000 0.133333 0.166667 0.200000 0.233333 0.266667 0.300000 0.333333 0.366667 0.400000 0.433333 0.466667 0.500000
0.533333 0.566667 0.600000 0.633333 0.666667 0.700000 0.733333 0.766667 0.800000 0.833333 0.866667</float_array>
        <technique_common>
          <accessor source="#mixamorig_Spine1-Matrix-animation-input-array" count="27">
            <param name="TIME" type="float"/>
          </accessor>
        </technique_common>
      </source>
      <source id="mixamorig_Spine1-Matrix-animation-output-transform">
        <float_array id="mixamorig_Spine1-Matrix-animation-output-transform-array" count="432">

0.999850 -0.001712 0.017225 0.000000 0.002969 0.997310 -0.073238 14.289700 -0.017053 0.073278 0.997166 0.000000 0.000000 0.000000 0.000000 1.000000
0.998118 0.011995 0.060142 0.000000 -0.006644 0.996063 -0.088395 14.289700 -0.060966 0.087829 0.994268 0.000000 0.000000 0.000000 0.000000 1.000000
0.994759 0.038844 0.094585 0.000000 -0.031106 0.996150 -0.081959 14.289700 -0.097404 0.078588 0.992137 0.000000 0.000000 0.000000 0.000000 1.000000
0.990503 0.076681 0.114121 0.000000 -0.069381 0.995363 -0.066629 14.289700 -0.118701 0.058078 0.991230 -0.000000 0.000000 0.000000 0.000000 1.000000
0.987563 0.109713 0.112617 0.000000 -0.104194 0.993101 -0.053792 14.289700 -0.117742 0.041389 0.992181 0.000000 0.000000 0.000000 0.000000 1.000000
0.988420 0.121756 0.090562 -0.000000 -0.117413 0.991729 -0.051850 14.289700 -0.096126 0.040616 0.994540 0.000000 0.000000 0.000000 0.000000 1.000000
0.991946 0.112523 0.058158 0.000000 -0.108461 0.991714 -0.068846 14.289700 -0.065422 0.061984 0.995931 0.000000 0.000000 0.000000 0.000000 1.000000
0.995199 0.093093 0.030224 0.000000 -0.089434 0.990374 -0.105642 14.289700 -0.039768 0.102431 0.993945 0.000000 0.000000 0.000000 0.000000 1.000000
0.997099 0.074522 0.015507 -0.000000 -0.071402 0.986296 -0.148734 14.289700 -0.026379 0.147195 0.988756 0.000000 0.000000 0.000000 0.000000 1.000000
0.997990 0.062317 0.011478 0.000000 -0.059265 0.982072 -0.178948 14.289700 -0.022423 0.177908 0.983792 0.000000 0.000000 0.000000 0.000000 1.000000
0.998470 0.054460 0.009629 0.000000 -0.051694 0.980908 -0.187477 14.289700 -0.019655 0.186693 0.982222 -0.000000 0.000000 0.000000 0.000000 1.000000
0.999051 0.043330 0.004359 0.000000 -0.041824 0.982560 -0.181183 14.289700 -0.012134 0.180829 0.983440 0.000000 0.000000 0.000000 0.000000 1.000000
0.999738 0.022697 -0.003100 -0.000000 -0.022892 0.984759 -0.172412 14.289700 -0.000860 0.172438 0.985020 -0.000000 0.000000 0.000000 0.000000 1.000000
0.999945 -0.006661 -0.008049 0.000000 0.005242 0.986285 -0.164970 14.289700 0.009038 0.164919 0.986266 0.000000 0.000000 0.000000 0.000000 1.000000
0.999218 -0.038532 -0.008833 0.000000 0.036738 0.987636 -0.152402 14.289700 0.014596 0.151959 0.988279 -0.000000 0.000000 0.000000 0.000000 1.000000
0.997804 -0.065512 -0.009782 -0.000000 0.063673 0.989346 -0.130918 14.289700 0.018255 0.130008 0.991345 -0.000000 0.000000 0.000000 0.000000 1.000000
0.996640 -0.079978 -0.017652 0.000000 0.077590 0.990982 -0.109242 14.289700 0.026230 0.107505 0.993858 0.000000 0.000000 0.000000 0.000000 1.000000
0.996492 -0.075898 -0.035267 -0.000000 0.072013 0.992302 -0.100751 14.289700 0.042642 0.097858 0.994286 -0.000000 0.000000 0.000000 0.000000 1.000000
0.996750 -0.055582 -0.058309 -0.000000 0.049050 0.992938 -0.108015 14.289700 0.063901 0.104804 0.992438 0.000000 0.000000 0.000000 0.000000 1.000000
0.996427 -0.031674 -0.078294 -0.000000 0.022196 0.992636 -0.119086 14.289700 0.081490 0.116923 0.989792 0.000000 0.000000 0.000000 0.000000 1.000000
0.995865 -0.016831 -0.089270 0.000000 0.006281 0.993093 -0.117164 14.289700 0.090626 0.116119 0.989092 0.000000 0.000000 0.000000 0.000000 1.000000
0.995756 -0.013147 -0.091091 0.000000 0.004449 0.995463 -0.095042 14.289700 0.091927 0.094233 0.991297 0.000000 0.000000 0.000000 0.000000 1.000000
0.996205 -0.013777 -0.085940 -0.000000 0.008225 0.997875 -0.064631 14.289700 0.086647 0.063679 0.994202 -0.000000 0.000000 0.000000 0.000000 1.000000
0.997227 -0.012968 -0.073288 0.000000 0.009493 0.998824 -0.047555 14.289700 0.073818 0.046727 0.996176 0.000000 0.000000 0.000000 0.000000 1.000000
0.998662 -0.010627 -0.050609 0.000000 0.007985 0.998609 -0.052119 14.289700 0.051093 0.051646 0.997358 0.000000 0.000000 0.000000 0.000000 1.000000
0.999796 -0.007554 -0.018752 0.000000 0.006296 0.997782 -0.066269 14.289700 0.019211 0.066137 0.997626 0.000000 0.000000 0.000000 0.000000 1.000000
0.999850 -0.001712 0.017225 0.000000 0.002969 0.997310 -0.073238 14.289700 -0.017053 0.073278 0.997166 0.000000 0.000000 0.000000 0.000000 1.000000</float_array>
        <technique_common>
          <accessor source="#mixamorig_Spine1-Matrix-animation-output-transform-array" count="27" stride="16">
            <param type="float4x4"/>
          </accessor>
        </technique_common>
      </source>
      <source id="mixamorig_Spine1-Interpolations">
        <Name_array id="mixamorig_Spine1-Interpolations-array" count="27">
 LINEAR LINEAR LINEAR LINEAR LINEAR LINEAR LINEAR LINEAR LINEAR LINEAR LINEAR
LINEAR LINEAR LINEAR LINEAR LINEAR LINEAR LINEAR LINEAR LINEAR LINEAR LINEAR LINEAR
LINEAR LINEAR LINEAR LINEAR</Name_array>
        <technique_common>
          <accessor source="#mixamorig_Spine1-Interpolations-array" count="27">
            <param type="name"/>
          </accessor>
        </technique_common>
      </source>
      <sampler id="mixamorig_Spine1-Matrix-animation-transform">
        <input semantic="INPUT" source="#mixamorig_Spine1-Matrix-animation-input"/>
        <input semantic="OUTPUT" source="#mixamorig_Spine1-Matrix-animation-output-transform"/>
        <input semantic="INTERPOLATION" source="#mixamorig_Spine1-Interpolations"/>
      </sampler>
      <channel source="#mixamorig_Spine1-Matrix-animation-transform" target="mixamorig_Spine1/matrix"/>
    </animation>
    <animation id="mixamorig_Spine2-anim" name="mixamorig_Spine2">
      <source id="mixamorig_Spine2-Matrix-animation-input">
        <float_array id="mixamorig_Spine2-Matrix-animation-input-array" count="27">

0.000000 0.033333 0.066667 0.100000 0.133333 0.166667 0.200000 0.233333 0.266667 0.300000 0.333333 0.366667 0.400000 0.433333 0.466667 0.500000
0.533333 0.566667 0.600000 0.633333 0.666667 0.700000 0.733333 0.766667 0.800000 0.833333 0.866667</float_array>
        <technique_common>
          <accessor source="#mixamorig_Spine2-Matrix-animation-input-array" count="27">
            <param name="TIME" type="float"/>
          </accessor>
        </technique_common>
      </source>
      <source id="mixamorig_Spine2-Matrix-animation-output-transform">
        <float_array id="mixamorig_Spine2-Matrix-animation-output-transform-array" count="432">

0.999894 -0.002999 0.014250 0.000000 0.004041 0.997276 -0.073651 16.330999 -0.013990 0.073701 0.997182 -0.000000 0.000000 0.000000 0.000000 1.000000
0.998265 0.009505 0.058110 0.000000 -0.004383 0.996142 -0.087644 16.330999 -0.058719 0.087237 0.994455 0.000000 0.000000 0.000000 0.000000 1.000000
0.995029 0.035651 0.092987 0.000000 -0.028140 0.996327 -0.080878 16.330999 -0.095529 0.077859 0.992377 0.000000 0.000000 0.000000 0.000000 1.000000
0.990935 0.073512 0.112441 -0.000000 -0.066320 0.995585 -0.066422 16.330999 -0.116827 0.058363 0.991436 0.000000 0.000000 0.000000 0.000000 1.000000
0.988057 0.107241 0.110647 0.000000 -0.101661 0.993302 -0.054914 16.330999 -0.115795 0.043010 0.992341 0.000000 0.000000 0.000000 0.000000 1.000000
0.988784 0.120279 0.088542 0.000000 -0.115869 0.991829 -0.053387 16.330999 -0.094239 0.042529 0.994641 -0.000000 0.000000 0.000000 0.000000 1.000000
0.992086 0.111856 0.057047 0.000000 -0.107809 0.991727 -0.069676 16.330999 -0.064369 0.062974 0.995937 0.000000 0.000000 0.000000 0.000000 1.000000
0.995180 0.092903 0.031403 0.000000 -0.089125 0.990407 -0.105596 16.330999 -0.040912 0.102288 0.993913 0.000000 0.000000 0.000000 0.000000 1.000000
0.997025 0.074608 0.019370 0.000000 -0.070931 0.986391 -0.148332 16.330999 -0.030173 0.146517 0.988748 0.000000 0.000000 0.000000 0.000000 1.000000
0.997907 0.062510 0.016559 0.000000 -0.058560 0.982172 -0.178632 16.330999 -0.027430 0.177289 0.983777 0.000000 0.000000 0.000000 0.000000 1.000000
0.998414 0.054585 0.013772 -0.000000 -0.051047 0.980962 -0.187372 16.330999 -0.023737 0.186372 0.982193 0.000000 0.000000 0.000000 0.000000 1.000000
0.999038 0.043362 0.006490 -0.000000 -0.041470 0.982569 -0.181214 16.330999 -0.014235 0.180770 0.983422 -0.000000 0.000000 0.000000 0.000000 1.000000
0.999737 0.022747 -0.002744 0.000000 -0.022879 0.984755 -0.172438 16.330999 -0.001220 0.172456 0.985016 0.000000 0.000000 0.000000 0.000000 1.000000
0.999940 -0.006539 -0.008806 0.000000 0.004997 0.986297 -0.164905 16.330999 0.009763 0.164851 0.986270 0.000000 0.000000 0.000000 0.000000 1.000000
0.999214 -0.038368 -0.009995 -0.000000 0.036400 0.987662 -0.152313 16.330999 0.015716 0.151830 0.988282 -0.000000 0.000000 0.000000 0.000000 1.000000
0.997811 -0.065274 -0.010631 0.000000 0.063325 0.989360 -0.130987 16.330999 0.019068 0.130027 0.991327 0.000000 0.000000 0.000000 0.000000 1.000000
0.996673 -0.079491 -0.017997 -0.000000 0.077059 0.990989 -0.109560 16.330999 0.026544 0.107809 0.993817 -0.000000 0.000000 0.000000 0.000000 1.000000
0.996549 -0.074915 -0.035760 0.000000 0.070972 0.992344 -0.101077 16.330999 0.043058 0.098190 0.994236 0.000000 0.000000 0.000000 0.000000 1.000000
0.996768 -0.053900 -0.059571 0.000000 0.047248 0.993035 -0.107929 16.330999 0.064974 0.104765 0.992372 -0.000000 0.000000 0.000000 0.000000 1.000000
0.996365 -0.029235 -0.080008 0.000000 0.019612 0.992758 -0.118520 16.330999 0.082894 0.116520 0.989723 0.000000 0.000000 0.000000 0.000000 1.000000
0.995788 -0.013813 -0.090642 0.000000 0.003174 0.993188 -0.116482 16.330999 0.091633 0.115704 0.989048 0.000000 0.000000 0.000000 0.000000 1.000000
0.995726 -0.009925 -0.091822 0.000000 0.001202 0.995517 -0.094575 16.330999 0.092349 0.094060 0.991274 -0.000000 0.000000 0.000000 0.000000 1.000000
0.996197 -0.010764 -0.086466 0.000000 0.005192 0.997910 -0.064405 16.330999 0.086979 0.063711 0.994171 0.000000 0.000000 0.000000 0.000000 1.000000
0.997184 -0.010508 -0.074257 -0.000000 0.006989 0.998847 -0.047487 16.330999 0.074670 0.046835 0.996108 0.000000 0.000000 0.000000 0.000000 1.000000
0.998587 -0.009054 -0.052362 -0.000000 0.006314 0.998614 -0.052257 16.330999 0.052762 0.051853 0.997260 -0.000000 0.000000 0.000000 0.000000 1.000000
0.999748 -0.007236 -0.021241 0.000000 0.005805 0.997760 -0.066645 16.330999 0.021675 0.066505 0.997551 -0.000000 0.000000 0.000000 0.000000 1.000000
0.999894 -0.002999 0.014250 0.000000 0.004041 0.997276 -0.073651 16.330999 -0.013990 0.073701 0.997182 0.000000 0.000000 0.000000 0.000000 1.000000</float_array>
        <technique_common>
          <accessor source="#mixamorig_Spine2-Matrix-animation-output-transform-array" count="27" stride="16">
            <param type="float4x4"/>
          </accessor>
        </technique_common>
      </source>
      <source id="mixamorig_Spine2-Interpolations">
        <Name_array id="mixamorig_Spine2-Interpolations-array" count="27">
 LINEAR LINEAR LINEAR LINEAR LINEAR LINEAR LINEAR LINEAR LINEAR LINEAR LINEAR
LINEAR LINEAR LINEAR LINEAR LINEAR LINEAR LINEAR LINEAR LINEAR LINEAR LINEAR LINEAR
LINEAR LINEAR LINEAR LINEAR</Name_array>
        <technique_common>
          <accessor source="#mixamorig_Spine2-Interpolations-array" count="27">
            <param type="name"/>
          </accessor>
        </technique_common>
      </source>
      <sampler id="mixamorig_Spine2-Matrix-animation-transform">
        <input semantic="INPUT" source="#mixamorig_Spine2-Matrix-animation-input"/>
        <input semantic="OUTPUT" source="#mixamorig_Spine2-Matrix-animation-output-transform"/>
        <input semantic="INTERPOLATION" source="#mixamorig_Spine2-Interpolations"/>
      </sampler>
      <channel source="#mixamorig_Spine2-Matrix-animation-transform" target="mixamorig_Spine2/matrix"/>
    </animation>
    <animation id="mixamorig_Neck-anim" name="mixamorig_Neck">
      <source id="mixamorig_Neck-Matrix-animation-input">
        <float_array id="mixamorig_Neck-Matrix-animation-input-array" count="27">

0.000000 0.033333 0.066667 0.100000 0.133333 0.166667 0.200000 0.233333 0.266667 0.300000 0.333333 0.366667 0.400000 0.433333 0.466667 0.500000
0.533333 0.566667 0.600000 0.633333 0.666667 0.700000 0.733333 0.766667 0.800000 0.833333 0.866667</float_array>
        <technique_common>
          <accessor source="#mixamorig_Neck-Matrix-animation-input-array" count="27">
            <param name="TIME" type="float"/>
          </accessor>
        </technique_common>
      </source>
      <source id="mixamorig_Neck-Matrix-animation-output-transform">
        <float_array id="mixamorig_Neck-Matrix-animation-output-transform-array" count="432">

0.999850 -0.017308 -0.000000 -0.000000 0.016647 0.961679 0.273674 18.372499 -0.004737 -0.273633 0.961823 0.000000 0.000000 0.000000 0.000000 1.000000
0.999812 0.001622 -0.019324 0.000000 0.003459 0.965595 0.260029 18.372499 0.019081 -0.260046 0.965408 -0.000000 0.000000 0.000000 0.000000 1.000000
0.998674 0.012479 -0.049943 -0.000000 -0.000906 0.974286 0.225315 18.372499 0.051471 -0.224971 0.973005 0.000000 0.000000 0.000000 0.000000 1.000000
0.996327 0.014053 -0.084465 0.000000 0.001438 0.983554 0.180607 18.372499 0.085614 -0.180065 0.979922 0.000000 0.000000 0.000000 0.000000 1.000000
0.993787 0.009720 -0.110876 0.000000 0.005849 0.990242 0.139238 18.372499 0.111147 -0.139022 0.984032 -0.000000 0.000000 0.000000 0.000000 1.000000
0.992626 0.004648 -0.121130 -0.000000 0.008739 0.993921 0.109752 18.372499 0.120903 -0.110001 0.986551 -0.000000 0.000000 0.000000 0.000000 1.000000
0.992976 0.001800 -0.118300 0.000000 0.009382 0.995538 0.093898 18.372499 0.117941 -0.094348 0.988528 0.000000 0.000000 0.000000 0.000000 1.000000
0.993728 0.001893 -0.111808 0.000000 0.008404 0.995765 0.091553 18.372499 0.111508 -0.091918 0.989503 -0.000000 0.000000 0.000000 0.000000 1.000000
0.994165 0.003294 -0.107820 -0.000000 0.007803 0.994719 0.102334 18.372499 0.107587 -0.102578 0.988890 -0.000000 0.000000 0.000000 0.000000 1.000000
0.994367 0.002791 -0.105956 -0.000000 0.010252 0.992434 0.122354 18.372499 0.105496 -0.122751 0.986815 0.000000 0.000000 0.000000 0.000000 1.000000
0.994611 -0.001462 -0.103666 -0.000000 0.016469 0.989433 0.144055 18.372499 0.102360 -0.144986 0.984125 0.000000 0.000000 0.000000 0.000000 1.000000
0.994900 -0.008064 -0.100548 -0.000000 0.024261 0.986668 0.160928 18.372499 0.097910 -0.162547 0.981831 0.000000 0.000000 0.000000 0.000000 1.000000
0.995135 -0.013356 -0.097610 0.000000 0.029898 0.984985 0.170031 18.372499 0.093874 -0.172123 0.980592 -0.000000 0.000000 0.000000 0.000000 1.000000
0.995419 -0.014134 -0.094560 0.000000 0.030067 0.985112 0.169264 18.372499 0.090760 -0.171331 0.981024 0.000000 0.000000 0.000000 0.000000 1.000000
0.995939 -0.010245 -0.089443 0.000000 0.024062 0.987653 0.154801 18.372499 0.086753 -0.156325 0.983888 0.000000 0.000000 0.000000 0.000000 1.000000
0.996759 -0.005395 -0.080270 0.000000 0.015435 0.992038 0.124989 18.372499 0.078956 -0.125823 0.988906 -0.000000 0.000000 0.000000 0.000000 1.000000
0.997786 -0.005247 -0.066302 0.000000 0.011040 0.996121 0.087302 18.372499 0.065587 -0.087840 0.993973 0.000000 0.000000 0.000000 0.000000 1.000000
0.998722 -0.013015 -0.048845 0.000000 0.015790 0.998257 0.056861 18.372499 0.048019 -0.057560 0.997187 -0.000000 0.000000 0.000000 0.000000 1.000000
0.999174 -0.025475 -0.031649 0.000000 0.026837 0.998698 0.043393 18.372499 0.030502 -0.044206 0.998557 0.000000 0.000000 0.000000 0.000000 1.000000
0.999220 -0.034635 -0.018949 0.000000 0.035382 0.998549 0.040595 18.372499 0.017515 -0.041233 0.998996 0.000000 0.000000 0.000000 0.000000 1.000000
0.999332 -0.034679 -0.011512 0.000000 0.035057 0.998794 0.034384 18.372499 0.010306 -0.034764 0.999342 -0.000000 0.000000 0.000000 0.000000 1.000000
0.999627 -0.026753 -0.005513 -0.000000 0.026884 0.999319 0.025282 18.372499 0.004833 -0.025421 0.999665 0.000000 0.000000 0.000000 0.000000 1.000000
0.999836 -0.017759 0.003506 0.000000 0.017621 0.999195 0.036041 18.372499 -0.004143 -0.035973 0.999344 -0.000000 0.000000 0.000000 0.000000 1.000000
0.999789 -0.014026 0.015019 0.000000 0.012680 0.996196 0.086212 18.372499 -0.016171 -0.086004 0.996164 0.000000 0.000000 0.000000 0.000000 1.000000
0.999633 -0.015527 0.022194 0.000000 0.011697 0.986506 0.163307 18.372499 -0.024430 -0.162987 0.986326 -0.000000 0.000000 0.000000 0.000000 1.000000
0.999682 -0.017699 0.017976 0.000000 0.013007 0.972191 0.233829 18.372499 -0.021614 -0.233520 0.972112 0.000000 0.000000 0.000000 0.000000 1.000000
0.999850 -0.017308 -0.000000 -0.000000 0.016647 0.961679 0.273673 18.372499 -0.004737 -0.273632 0.961823 0.000000 0.000000 0.000000 0.000000 1.000000</float_array>
        <technique_common>
          <accessor source="#mixamorig_Neck-Matrix-animation-output-transform-array" count="27" stride="16">
            <param type="float4x4"/>
          </accessor>
        </technique_common>
      </source>
      <source id="mixamorig_Neck-Interpolations">
        <Name_array id="mixamorig_Neck-Interpolations-array" count="27">
 LINEAR LINEAR LINEAR LINEAR LINEAR LINEAR LINEAR LINEAR LINEAR LINEAR LINEAR
LINEAR LINEAR LINEAR LINEAR LINEAR LINEAR LINEAR LINEAR LINEAR LINEAR LINEAR LINEAR
LINEAR LINEAR LINEAR LINEAR</Name_array>
        <technique_common>
          <accessor source="#mixamorig_Neck-Interpolations-array" count="27">
            <param type="name"/>
          </accessor>
        </technique_common>
      </source>
      <sampler id="mixamorig_Neck-Matrix-animation-transform">
        <input semantic="INPUT" source="#mixamorig_Neck-Matrix-animation-input"/>
        <input semantic="OUTPUT" source="#mixamorig_Neck-Matrix-animation-output-transform"/>
        <input semantic="INTERPOLATION" source="#mixamorig_Neck-Interpolations"/>
      </sampler>
      <channel source="#mixamorig_Neck-Matrix-animation-transform" target="mixamorig_Neck/matrix"/>
    </animation>
    <animation id="mixamorig_Head-anim" name="mixamorig_Head">
      <source id="mixamorig_Head-Matrix-animation-input">
        <float_array id="mixamorig_Head-Matrix-animation-input-array" count="27">

0.000000 0.033333 0.066667 0.100000 0.133333 0.166667 0.200000 0.233333 0.266667 0.300000 0.333333 0.366667 0.400000 0.433333 0.466667 0.500000
0.533333 0.566667 0.600000 0.633333 0.666667 0.700000 0.733333 0.766667 0.800000 0.833333 0.866667</float_array>
        <technique_common>
          <accessor source="#mixamorig_Head-Matrix-animation-input-array" count="27">
            <param name="TIME" type="float"/>
          </accessor>
        </technique_common>
      </source>
      <source id="mixamorig_Head-Matrix-animation-output-transform">
        <float_array id="mixamorig_Head-Matrix-animation-output-transform-array" count="432">

0.984634 -0.011431 0.174259 -0.000000 -0.046901 0.943884 0.326930 17.907801 -0.168217 -0.330079 0.928844 1.542600 0.000000 0.000000 0.000000 1.000000
0.999281 0.003839 0.037721 0.000000 -0.015282 0.951258 0.308018 17.907801 -0.034700 -0.308373 0.950632 1.542600 0.000000 0.000000 0.000000 1.000000
0.992413 -0.016269 -0.121866 0.000000 0.042121 0.976212 0.212689 17.907801 0.115507 -0.216208 0.969491 1.542600 0.000000 0.000000 0.000000 1.000000
0.955494 -0.072580 -0.285943 0.000000 0.098229 0.992228 0.076383 17.907801 0.278177 -0.101071 0.955197 1.542600 0.000000 0.000000 0.000000 1.000000
0.907774 -0.134497 -0.397312 0.000000 0.126710 0.990876 -0.045922 17.907801 0.399863 -0.008657 0.916534 1.542600 0.000000 0.000000 0.000000 1.000000
0.894494 -0.166814 -0.414794 0.000000 0.128899 0.984611 -0.118006 17.907801 0.428096 0.052089 0.902231 1.542600 0.000000 0.000000 0.000000 1.000000
0.921545 -0.161729 -0.352986 0.000000 0.119153 0.983051 -0.139335 17.907801 0.369537 0.086344 0.925196 1.542600 0.000000 0.000000 0.000000 1.000000
0.955047 -0.128410 -0.267200 0.000000 0.101995 0.988623 -0.110550 17.907801 0.278356 0.078328 0.957279 1.542600 0.000000 0.000000 0.000000 1.000000
0.975128 -0.080126 -0.206652 -0.000000 0.076561 0.996746 -0.025204 17.907801 0.207999 0.008755 0.978090 1.542600 0.000000 0.000000 0.000000 1.000000
0.983694 -0.032772 -0.176837 0.000000 0.051037 0.993703 0.099746 17.907801 0.172454 -0.107144 0.979173 1.542600 0.000000 0.000000 0.000000 1.000000
0.987300 0.002996 -0.158840 -0.000000 0.032465 0.974919 0.220178 17.907801 0.155516 -0.222539 0.962440 1.542600 0.000000 0.000000 0.000000 1.000000
0.989164 0.030385 -0.143637 -0.000000 0.014800 0.952728 0.303464 17.907801 0.146068 -0.302302 0.941954 1.542600 0.000000 0.000000 0.000000 1.000000
0.989234 0.058509 -0.134140 -0.000000 -0.008347 0.937668 0.347433 17.907801 0.146107 -0.342573 0.928061 1.542600 0.000000 0.000000 0.000000 1.000000
0.987869 0.089077 -0.127203 0.000000 -0.037851 0.932539 0.359080 17.907801 0.150607 -0.349910 0.924598 1.542600 0.000000 0.000000 0.000000 1.000000
