<?xml version="1.0" encoding="utf-8"?>
<COLLADA xmlns="http://www.collada.org/2005/11/COLLADASchema" version="1.4.1">
  <asset>
    <contributor>
      <author>Mixamo</author>
      <authoring_tool>COLLADA Mixamo exporter</authoring_tool>
      <comments/>
    </contributor>
    <created>2024-03-27T14:50:24Z</created>
    <modified>2024-03-27T14:50:24Z</modified>
    <revision/>
    <title/>
    <unit meter="0.010000"/>
    <up_axis>Y_UP</up_axis>
  </asset>
  <library_animations>
    <animation id="mixamorig_Hips-anim" name="mixamorig_Hips">
      <source id="mixamorig_Hips-Matrix-animation-input">
        <float_array id="mixamorig_Hips-Matrix-animation-input-array" count="36">

0.000000 0.033333 0.066667 0.100000 0.133333 0.166667 0.200000 0.233333 0.266667 0.300000 0.333333 0.366667 0.400000 0.433333 0.466667 0.500000
0.533333 0.566667 0.600000 0.633333 0.666667 0.700000 0.733333 0.766667 0.800000 0.833333 0.866667 0.900000 0.933333 0.966667 1.000000 1.033333
1.066667 1.100000 1.133333 1.166667</float_array>
        <technique_common>
          <accessor source="#mixamorig_Hips-Matrix-animation-input-array" count="36">
            <param name="TIME" type="float"/>
          </accessor>
        </technique_common>
      </source>
      <source id="mixamorig_Hips-Matrix-animation-output-transform">
        <float_array id="mixamorig_Hips-Matrix-animation-output-transform-array" count="576">

0.998155 0.046812 0.038677 0.205396 -0.048200 0.998197 0.035770 44.038528 -0.036933 -0.037568 0.998611 0.205412 0.000000 0.000000 0.000000 1.000000
0.998995 0.042137 0.015311 0.291139 -0.042591 0.998624 0.030602 43.984005 -0.014001 -0.031223 0.999414 -0.065086 0.000000 0.000000 0.000000 1.000000
0.999178 0.040026 -0.006463 0.385718 -0.039862 0.998921 0.023832 43.841606 0.007410 -0.023555 0.999695 -0.246722 0.000000 0.000000 0.000000 1.000000
0.998752 0.041638 -0.027571 0.489841 -0.041191 0.999014 0.016574 43.615097 0.028234 -0.015418 0.999482 -0.355547 0.000000 0.000000 0.000000 1.000000
0.997782 0.046451 -0.047690 0.597355 -0.046001 0.998886 0.010490 43.310875 0.048124 -0.008272 0.998807 -0.429075 0.000000 0.000000 0.000000 1.000000
0.996736 0.048851 -0.064272 0.689420 -0.048475 0.998797 0.007398 42.979408 0.064556 -0.004259 0.997905 -0.535356 0.000000 0.000000 0.000000 1.000000
0.996159 0.044462 -0.075435 0.755149 -0.044000 0.999001 0.007772 42.637814 0.075705 -0.004423 0.997120 -0.651292 0.000000 0.000000 0.000000 1.000000
0.996227 0.030392 -0.081294 0.789784 -0.029551 0.999497 0.011521 42.309387 0.081603 -0.009075 0.996624 -0.757063 0.000000 0.000000 0.000000 1.000000
0.996315 0.008685 -0.085332 0.807229 -0.007160 0.999809 0.018170 42.040051 0.085473 -0.017492 0.996187 -0.793758 0.000000 0.000000 0.000000 1.000000
0.995671 -0.016373 -0.091494 0.836869 0.018833 0.999482 0.026086 41.929054 0.091019 -0.027696 0.995464 -0.759962 0.000000 0.000000 0.000000 1.000000
0.994080 -0.040773 -0.100706 0.877917 0.044349 0.998454 0.033523 41.880348 0.099183 -0.037790 0.994351 -0.610493 0.000000 0.000000 0.000000 1.000000
0.991801 -0.062670 -0.111372 0.922003 0.067370 0.996967 0.038953 41.919727 0.108593 -0.046137 0.993015 -0.470177 0.000000 0.000000 0.000000 1.000000
0.989509 -0.081277 -0.119440 0.958547 0.086844 0.995329 0.042166 42.080532 0.115455 -0.052096 0.991946 -0.396844 0.000000 0.000000 0.000000 1.000000
0.987959 -0.093917 -0.122947 0.988127 0.099990 0.994007 0.044184 42.394299 0.118061 -0.055945 0.991429 -0.396628 0.000000 0.000000 0.000000 1.000000
0.987707 -0.097885 -0.121871 1.017671 0.104154 0.993489 0.046164 42.827850 0.116558 -0.058290 0.991472 -0.433072 0.000000 0.000000 0.000000 1.000000
0.988904 -0.092746 -0.116046 1.044667 0.098954 0.993889 0.048917 43.287277 0.110800 -0.059858 0.992038 -0.498272 0.000000 0.000000 0.000000 1.000000
0.991013 -0.082642 -0.105180 1.055462 0.088462 0.994726 0.051917 43.653988 0.100335 -0.060755 0.993097 -0.581346 0.000000 0.000000 0.000000 1.000000
0.993589 -0.070737 -0.088184 1.043571 0.075665 0.995678 0.053852 43.857014 0.083993 -0.060179 0.994647 -0.663978 0.000000 0.000000 0.000000 1.000000
0.996160 -0.058911 -0.064771 1.010677 0.062383 0.996646 0.052961 43.892273 0.061433 -0.056798 0.996494 -0.722360 0.000000 0.000000 0.000000 1.000000
0.998170 -0.048006 -0.036780 0.962122 0.049754 0.997598 0.048191 43.798367 0.034378 -0.049932 0.998161 -0.726658 0.000000 0.000000 0.000000 1.000000
0.999230 -0.038669 -0.006635 0.902006 0.038905 0.998435 0.040167 43.607201 0.005072 -0.040394 0.999171 -0.657872 0.000000 0.000000 0.000000 1.000000
0.999214 -0.031604 0.023946 0.833633 0.030867 0.999056 0.030564 43.322556 -0.024889 -0.029801 0.999246 -0.524451 0.000000 0.000000 0.000000 1.000000
0.998101 -0.029200 0.054237 0.752762 0.028032 0.999361 0.022178 42.867268 -0.054850 -0.020615 0.998282 -0.306267 0.000000 0.000000 0.000000 1.000000
0.996348 -0.025999 0.081329 0.674848 0.024748 0.999560 0.016346 42.310310 -0.081719 -0.014273 0.996553 -0.041185 0.000000 0.000000 0.000000 1.000000
0.994700 -0.015175 0.101695 0.621990 0.013925 0.999819 0.012984 41.875080 -0.101874 -0.011499 0.994731 0.091881 0.000000 0.000000 0.000000 1.000000
0.993405 0.002002 0.114641 0.589875 -0.003398 0.999922 0.011985 41.551529 -0.114608 -0.012296 0.993335 0.190766 0.000000 0.000000 0.000000 1.000000
0.992502 0.022607 0.120117 0.541673 -0.024353 0.999618 0.013090 41.359055 -0.119775 -0.015917 0.992673 0.358666 0.000000 0.000000 0.000000 1.000000
0.991996 0.042739 0.118818 0.457139 -0.044997 0.998853 0.016377 41.312515 -0.117982 -0.021593 0.992781 0.560046 0.000000 0.000000 0.000000 1.000000
0.991891 0.061531 0.111199 0.364387 -0.064339 0.997689 0.021832 41.424889 -0.109599 -0.028810 0.993558 0.719823 0.000000 0.000000 0.000000 1.000000
0.991970 0.076671 0.100579 0.254500 -0.079921 0.996389 0.028680 41.733829 -0.098017 -0.036488 0.994516 0.769871 0.000000 0.000000 0.000000 1.000000
0.992149 0.084687 0.092022 0.142539 -0.088210 0.995490 0.034905 42.207973 -0.088651 -0.042748 0.995145 0.727827 0.000000 0.000000 0.000000 1.000000
0.992640 0.083719 0.087502 0.055776 -0.087375 0.995419 0.038816 42.763321 -0.083852 -0.046176 0.995408 0.640176 0.000000 0.000000 0.000000 1.000000
0.993541 0.075349 0.084850 0.018752 -0.078935 0.996088 0.039723 43.298920 -0.081525 -0.046164 0.995602 0.524633 0.000000 0.000000 0.000000 1.000000
0.994870 0.064167 0.078203 0.041235 -0.067343 0.996980 0.038672 43.712536 -0.075486 -0.043740 0.996187 0.402520 0.000000 0.000000 0.000000 1.000000
0.996510 0.053952 0.063693 0.109950 -0.056384 0.997722 0.037026 43.962112 -0.061550 -0.040488 0.997282 0.292925 0.000000 0.000000 0.000000 1.000000
0.998155 0.046812 0.038677 0.205396 -0.048200 0.998197 0.035770 44.038528 -0.036933 -0.037568 0.998611 0.205412 0.000000 0.000000 0.000000 1.000000</float_array>
        <technique_common>
          <accessor source="#mixamorig_Hips-Matrix-animation-output-transform-array" count="36" stride="16">
            <param type="float4x4"/>
          </accessor>
        </technique_common>
      </source>
      <source id="mixamorig_Hips-Interpolations">
        <Name_array id="mixamorig_Hips-Interpolations-array" count="36">
 LINEAR LINEAR LINEAR LINEAR LINEAR LINEAR LINEAR LINEAR LINEAR LINEAR LINEAR
LINEAR LINEAR LINEAR LINEAR LINEAR LINEAR LINEAR LINEAR LINEAR LINEAR LINEAR LINEAR
LINEAR LINEAR LINEAR LINEAR LINEAR LINEAR LINEAR LINEAR LINEAR LINEAR LINEAR LINEAR
LINEAR</Name_array>
        <technique_common>
          <accessor source="#mixamorig_Hips-Interpolations-array" count="36">
            <param type="name"/>
          </accessor>
        </technique_common>
      </source>
      <sampler id="mixamorig_Hips-Matrix-animation-transform">
        <input semantic="INPUT" source="#mixamorig_Hips-Matrix-animation-input"/>
        <input semantic="OUTPUT" source="#mixamorig_Hips-Matrix-animation-output-transform"/>
        <input semantic="INTERPOLATION" source="#mixamorig_Hips-Interpolations"/>
      </sampler>
      <channel source="#mixamorig_Hips-Matrix-animation-transform" target="mixamorig_Hips/matrix"/>
    </animation>
    <animation id="mixamorig_Spine-anim" name="mixamorig_Spine">
      <source id="mixamorig_Spine-Matrix-animation-input">
        <float_array id="mixamorig_Spine-Matrix-animation-input-array" count="36">

0.000000 0.033333 0.066667 0.100000 0.133333 0.166667 0.200000 0.233333 0.266667 0.300000 0.333333 0.366667 0.400000 0.433333 0.466667 0.500000
0.533333 0.566667 0.600000 0.633333 0.666667 0.700000 0.733333 0.766667 0.800000 0.833333 0.866667 0.900000 0.933333 0.966667 1.000000 1.033333
1.066667 1.100000 1.133333 1.166667</float_array>
        <technique_common>
          <accessor source="#mixamorig_Spine-Matrix-animation-input-array" count="36">
            <param name="TIME" type="float"/>
          </accessor>
        </technique_common>
      </source>
      <source id="mixamorig_Spine-Matrix-animation-output-transform">
        <float_array id="mixamorig_Spine-Matrix-animation-output-transform-array" count="576">

0.998618 -0.042364 0.031118 0.000000 0.041552 0.998790 0.026291 6.033800 -0.032194 -0.024962 0.999170 -0.513700 0.000000 0.000000 0.000000 1.000000
0.998349 -0.042683 0.038450 0.000000 0.041639 0.998753 0.027558 6.033800 -0.039578 -0.025912 0.998880 -0.513700 0.000000 0.000000 0.000000 1.000000
0.997814 -0.046741 0.046714 0.000000 0.045353 0.998510 0.030347 6.033800 -0.048063 -0.028162 0.998447 -0.513700 0.000000 0.000000 0.000000 1.000000
0.996928 -0.054599 0.056150 0.000000 0.052759 0.998037 0.033751 6.033800 -0.057883 -0.030685 0.997852 -0.513700 0.000000 0.000000 0.000000 1.000000
0.995735 -0.064391 0.066068 0.000000 0.062079 0.997405 0.036475 6.033800 -0.068245 -0.032218 0.997148 -0.513700 0.000000 0.000000 0.000000 1.000000
0.994820 -0.069563 0.074117 -0.000000 0.066956 0.997066 0.037093 6.033800 -0.076480 -0.031938 0.996559 -0.513700 0.000000 0.000000 0.000000 1.000000
0.994695 -0.065793 0.079071 0.000000 0.063120 0.997362 0.035837 6.033800 -0.081220 -0.030656 0.996225 -0.513700 0.000000 0.000000 0.000000 1.000000
0.995431 -0.050192 0.081222 -0.000000 0.047576 0.998295 0.033825 6.033800 -0.082781 -0.029806 0.996122 -0.513700 0.000000 0.000000 0.000000 1.000000
0.996295 -0.024215 0.082522 0.000000 0.021557 0.999224 0.032952 6.033800 -0.083256 -0.031051 0.996044 -0.513700 0.000000 0.000000 0.000000 1.000000
0.996435 0.007505 0.084026 0.000000 -0.010359 0.999383 0.033572 6.033800 -0.083722 -0.034322 0.995898 -0.513700 0.000000 0.000000 0.000000 1.000000
0.995604 0.039680 0.084842 0.000000 -0.042779 0.998470 0.035031 6.033800 -0.083323 -0.038506 0.995778 -0.513700 0.000000 0.000000 0.000000 1.000000
0.994186 0.068361 0.083187 0.000000 -0.071540 0.996793 0.035851 6.033800 -0.080469 -0.041594 0.995889 -0.513700 0.000000 0.000000 0.000000 1.000000
0.992851 0.091251 0.076947 0.000000 -0.094134 0.994954 0.034714 6.033800 -0.073391 -0.041709 0.996431 -0.513700 0.000000 0.000000 0.000000 1.000000
0.992169 0.105797 0.066388 0.000000 -0.108078 0.993635 0.031750 6.033800 -0.062607 -0.038676 0.997289 -0.513700 0.000000 0.000000 0.000000 1.000000
0.992510 0.109971 0.053194 -0.000000 -0.111550 0.993373 0.027684 6.033800 -0.049797 -0.033410 0.998200 -0.513700 0.000000 0.000000 0.000000 1.000000
0.993808 0.103930 0.039292 -0.000000 -0.104898 0.994207 0.023418 6.033800 -0.036630 -0.027395 0.998953 -0.513700 0.000000 0.000000 0.000000 1.000000
0.995394 0.092319 0.025830 0.000000 -0.092841 0.995485 0.019779 6.033800 -0.023887 -0.022086 0.999471 -0.513700 0.000000 0.000000 0.000000 1.000000
0.996795 0.078940 0.012954 0.000000 -0.079160 0.996710 0.017414 6.033800 -0.011537 -0.018384 0.999764 -0.513700 0.000000 0.000000 0.000000 1.000000
0.997758 0.066919 0.000726 0.000000 -0.066922 0.997614 0.016984 6.033800 0.000412 -0.016994 0.999856 -0.513700 0.000000 0.000000 0.000000 1.000000
0.998243 0.058229 -0.010960 0.000000 -0.058019 0.998142 0.018590 6.033800 0.012022 -0.017921 0.999767 -0.513700 0.000000 0.000000 0.000000 1.000000
0.998334 0.053152 -0.022451 0.000000 -0.052669 0.998379 0.021585 6.033800 0.023561 -0.020366 0.999515 -0.513700 0.000000 0.000000 0.000000 1.000000
0.998127 0.050925 -0.033900 0.000000 -0.050088 0.998429 0.025112 6.033800 0.035126 -0.023367 0.999110 -0.513700 0.000000 0.000000 0.000000 1.000000
0.997618 0.051783 -0.045580 0.000000 -0.050521 0.998319 0.028416 6.033800 0.046975 -0.026046 0.998556 -0.513700 0.000000 0.000000 0.000000 1.000000
0.997255 0.049336 -0.055207 0.000000 -0.047629 0.998358 0.031827 6.033800 0.056687 -0.029110 0.997968 -0.513700 0.000000 0.000000 0.000000 1.000000
0.997510 0.036551 -0.060312 -0.000000 -0.034421 0.998759 0.035982 6.033800 0.061552 -0.033817 0.997531 -0.513700 0.000000 0.000000 0.000000 1.000000
0.997981 0.014823 -0.061752 0.000000 -0.012304 0.999084 0.040988 6.033800 0.062303 -0.040145 0.997250 -0.513700 0.000000 0.000000 0.000000 1.000000
0.998074 -0.011860 -0.060883 0.000000 0.014638 0.998863 0.045379 6.033800 0.060275 -0.046182 0.997113 -0.513700 0.000000 0.000000 0.000000 1.000000
0.997602 -0.037602 -0.058099 0.000000 0.040353 0.998084 0.046909 6.033800 0.056224 -0.049141 0.997208 -0.513700 0.000000 0.000000 0.000000 1.000000
0.996866 -0.059552 -0.052075 0.000000 0.061868 0.997112 0.044054 6.033800 0.049301 -0.047137 0.997671 -0.513700 0.000000 0.000000 0.000000 1.000000
0.996358 -0.074072 -0.042241 -0.000000 0.075649 0.996447 0.037033 6.033800 0.039347 -0.040094 0.998421 -0.513700 0.000000 0.000000 0.000000 1.000000
0.996412 -0.079064 -0.030213 -0.000000 0.079945 0.996372 0.029169 6.033800 0.027797 -0.031480 0.999118 -0.513700 0.000000 0.000000 0.000000 1.000000
0.997056 -0.074601 -0.017707 0.000000 0.075005 0.996910 0.023357 6.033800 0.015910 -0.024616 0.999570 -0.513700 0.000000 0.000000 0.000000 1.000000
0.997922 -0.064170 -0.005767 0.000000 0.064279 0.997703 0.021380 6.033800 0.004382 -0.021706 0.999755 -0.513700 0.000000 0.000000 0.000000 1.000000
0.998564 -0.053266 0.005772 0.000000 0.053124 0.998335 0.022494 6.033800 -0.006960 -0.022155 0.999730 -0.513700 0.000000 0.000000 0.000000 1.000000
0.998811 -0.045391 0.017764 0.000000 0.044946 0.998684 0.024705 6.033800 -0.018862 -0.023878 0.999537 -0.513700 0.000000 0.000000 0.000000 1.000000
0.998618 -0.042364 0.031118 0.000000 0.041552 0.998790 0.026291 6.033800 -0.032194 -0.024962 0.999170 -0.513700 0.000000 0.000000 0.000000 1.000000</float_array>
        <technique_common>
          <accessor source="#mixamorig_Spine-Matrix-animation-output-transform-array" count="36" stride="16">
            <param type="float4x4"/>
          </accessor>
        </technique_common>
      </source>
      <source id="mixamorig_Spine-Interpolations">
        <Name_array id="mixamorig_Spine-Interpolations-array" count="36">
 LINEAR LINEAR LINEAR LINEAR LINEAR LINEAR LINEAR LINEAR LINEAR LINEAR LINEAR
LINEAR LINEAR LINEAR LINEAR LINEAR LINEAR LINEAR LINEAR LINEAR LINEAR LINEAR LINEAR
LINEAR LINEAR LINEAR LINEAR LINEAR LINEAR LINEAR LINEAR LINEAR LINEAR LINEAR LINEAR
LINEAR</Name_array>
        <technique_common>
          <accessor source="#mixamorig_Spine-Interpolations-array" count="36">
            <param type="name"/>
          </accessor>
        </technique_common>
      </source>
      <sampler id="mixamorig_Spine-Matrix-animation-transform">
        <input semantic="INPUT" source="#mixamorig_Spine-Matrix-animation-input"/>
        <input semantic="OUTPUT" source="#mixamorig_Spine-Matrix-animation-output-transform"/>
        <input semantic="INTERPOLATION" source="#mixamorig_Spine-Interpolations"/>
      </sampler>
      <channel source="#mixamorig_Spine-Matrix-animation-transform" target="mixamorig_Spine/matrix"/>
    </animation>
    <animation id="mixamorig_Spine1-anim" name="mixamorig_Spine1">
      <source id="mixamorig_Spine1-Matrix-animation-input">
        <float_array id="mixamorig_Spine1-Matrix-animation-input-array" count="36">

0.000000 0.033333 0.066667 0.100000 0.133333 0.166667 0.200000 0.233333 0.266667 0.300000 0.333333 0.366667 0.400000 0.433333 0.466667 0.500000
0.533333 0.566667 0.600000 0.633333 0.666667 0.700000 0.733333 0.766667 0.800000 0.833333 0.866667 0.900000 0.933333 0.966667 1.000000 1.033333
1.066667 1.100000 1.133333 1.166667</float_array>
        <technique_common>
          <accessor source="#mixamorig_Spine1-Matrix-animation-input-array" count="36">
            <param name="TIME" type="float"/>
          </accessor>
        </technique_common>
      </source>
      <source id="mixamorig_Spine1-Matrix-animation-output-transform">
        <float_array id="mixamorig_Spine1-Matrix-animation-output-transform-array" count="576">

0.999985 -0.002778 0.004675 0.000000 0.002925 0.999493 -0.031696 7.064900 -0.004585 0.031709 0.999487 0.000000 0.000000 0.000000 0.000000 1.000000
0.999980 -0.002024 0.005913 0.000000 0.002208 0.999510 -0.031234 7.064900 -0.005847 0.031247 0.999495 0.000000 0.000000 0.000000 0.000000 1.000000
0.999973 -0.002043 0.007002 -0.000000 0.002249 0.999562 -0.029508 7.064900 -0.006939 0.029523 0.999540 0.000000 0.000000 0.000000 0.000000 1.000000
0.999964 -0.002852 0.007997 0.000000 0.003069 0.999623 -0.027282 7.064900 -0.007916 0.027306 0.999596 0.000000 0.000000 0.000000 0.000000 1.000000
0.999951 -0.004164 0.008937 0.000000 0.004390 0.999666 -0.025474 7.064900 -0.008828 0.025512 0.999636 0.000000 0.000000 0.000000 0.000000 1.000000
0.999939 -0.005035 0.009835 0.000000 0.005278 0.999676 -0.024883 7.064900 -0.009706 0.024933 0.999642 0.000000 0.000000 0.000000 0.000000 1.000000
0.999933 -0.004577 0.010636 0.000000 0.004846 0.999665 -0.025429 7.064900 -0.010516 0.025478 0.999620 0.000000 0.000000 0.000000 0.000000 1.000000
0.999934 -0.002369 0.011240 0.000000 0.002667 0.999643 -0.026579 7.064900 -0.011173 0.026608 0.999584 0.000000 0.000000 0.000000 0.000000 1.000000
0.999933 0.001445 0.011495 -0.000000 -0.001125 0.999613 -0.027791 7.064900 -0.011531 0.027777 0.999548 0.000000 0.000000 0.000000 0.000000 1.000000
0.999918 0.005924 0.011352 0.000000 -0.005592 0.999562 -0.029051 7.064900 -0.011519 0.028985 0.999513 0.000000 0.000000 0.000000 0.000000 1.000000
0.999888 0.010335 0.010798 0.000000 -0.010000 0.999481 -0.030614 7.064900 -0.011109 0.030503 0.999473 -0.000000 0.000000 0.000000 0.000000 1.000000
0.999853 0.014023 0.009876 -0.000000 -0.013695 0.999378 -0.032496 7.064900 -0.010325 0.032356 0.999423 0.000000 0.000000 0.000000 0.000000 1.000000
0.999827 0.016441 0.008723 0.000000 -0.016135 0.999289 -0.034079 7.064900 -0.009277 0.033933 0.999381 -0.000000 0.000000 0.000000 0.000000 1.000000
0.999823 0.017274 0.007467 0.000000 -0.017005 0.999253 -0.034702 7.064900 -0.008061 0.034569 0.999370 0.000000 0.000000 0.000000 0.000000 1.000000
0.999847 0.016394 0.006153 -0.000000 -0.016174 0.999284 -0.034212 7.064900 -0.006709 0.034108 0.999396 0.000000 0.000000 0.000000 0.000000 1.000000
0.999891 0.013971 0.004726 0.000000 -0.013806 0.999352 -0.033227 7.064900 -0.005188 0.033159 0.999437 0.000000 0.000000 0.000000 0.000000 1.000000
0.999936 0.010860 0.003146 -0.000000 -0.010751 0.999406 -0.032738 7.064900 -0.003500 0.032702 0.999459 0.000000 0.000000 0.000000 0.000000 1.000000
0.999969 0.007771 0.001461 -0.000000 -0.007719 0.999424 -0.033056 7.064900 -0.001717 0.033044 0.999452 0.000000 0.000000 0.000000 0.000000 1.000000
0.999986 0.005324 -0.000171 0.000000 -0.005327 0.999418 -0.033707 7.064900 -0.000008 0.033707 0.999432 0.000000 0.000000 0.000000 0.000000 1.000000
0.999991 0.003896 -0.001578 -0.000000 -0.003947 0.999425 -0.033677 7.064900 0.001445 0.033683 0.999432 0.000000 0.000000 0.000000 0.000000 1.000000
0.999990 0.003519 -0.002761 -0.000000 -0.003607 0.999464 -0.032529 7.064900 0.002645 0.032538 0.999467 -0.000000 0.000000 0.000000 0.000000 1.000000
0.999985 0.003993 -0.003858 0.000000 -0.004109 0.999525 -0.030546 7.064900 0.003734 0.030561 0.999526 0.000000 0.000000 0.000000 0.000000 1.000000
0.999976 0.004685 -0.005053 0.000000 -0.004828 0.999580 -0.028573 7.064900 0.004917 0.028597 0.999579 0.000000 0.000000 0.000000 0.000000 1.000000
0.999969 0.004628 -0.006323 0.000000 -0.004799 0.999617 -0.027252 7.064900 0.006195 0.027282 0.999609 -0.000000 0.000000 0.000000 0.000000 1.000000
0.999967 0.003125 -0.007432 -0.000000 -0.003322 0.999639 -0.026655 7.064900 0.007346 0.026679 0.999617 0.000000 0.000000 0.000000 0.000000 1.000000
0.999968 -0.000085 -0.008014 0.000000 -0.000129 0.999646 -0.026621 7.064900 0.008013 0.026621 0.999613 -0.000000 0.000000 0.000000 0.000000 1.000000
0.999960 -0.004332 -0.007829 0.000000 0.004118 0.999624 -0.027110 7.064900 0.007943 0.027077 0.999602 0.000000 0.000000 0.000000 0.000000 1.000000
0.999940 -0.008477 -0.006988 -0.000000 0.008276 0.999565 -0.028304 7.064900 0.007225 0.028245 0.999575 0.000000 0.000000 0.000000 0.000000 1.000000
0.999917 -0.011490 -0.005766 0.000000 0.011310 0.999477 -0.030281 7.064900 0.006111 0.030214 0.999525 0.000000 0.000000 0.000000 0.000000 1.000000
0.999912 -0.012484 -0.004516 0.000000 0.012331 0.999392 -0.032617 7.064900 0.004921 0.032559 0.999458 0.000000 0.000000 0.000000 0.000000 1.000000
0.999926 -0.011661 -0.003411 0.000000 0.011537 0.999342 -0.034378 7.064900 0.003809 0.034336 0.999403 -0.000000 0.000000 0.000000 0.000000 1.000000
0.999951 -0.009578 -0.002373 -0.000000 0.009489 0.999344 -0.034938 7.064900 0.002706 0.034914 0.999387 0.000000 0.000000 0.000000 0.000000 1.000000
0.999974 -0.007066 -0.001178 0.000000 0.007021 0.999390 -0.034222 7.064900 0.001419 0.034213 0.999414 0.000000 0.000000 0.000000 0.000000 1.000000
0.999988 -0.004942 0.000393 -0.000000 0.004952 0.999444 -0.032960 7.064900 -0.000229 0.032962 0.999457 0.000000 0.000000 0.000000 0.000000 1.000000
0.999991 -0.003492 0.002355 -0.000000 0.003565 0.999484 -0.031929 7.064900 -0.002242 0.031937 0.999487 0.000000 0.000000 0.000000 0.000000 1.000000
0.999985 -0.002778 0.004675 0.000000 0.002925 0.999493 -0.031696 7.064900 -0.004585 0.031709 0.999487 0.000000 0.000000 0.000000 0.000000 1.000000</float_array>
        <technique_common>
          <accessor source="#mixamorig_Spine1-Matrix-animation-output-transform-array" count="36" stride="16">
            <param type="float4x4"/>
          </accessor>
        </technique_common>
      </source>
      <source id="mixamorig_Spine1-Interpolations">
        <Name_array id="mixamorig_Spine1-Interpolations-array" count="36">
 LINEAR LINEAR LINEAR LINEAR LINEAR LINEAR LINEAR LINEAR LINEAR LINEAR LINEAR
LINEAR LINEAR LINEAR LINEAR LINEAR LINEAR LINEAR LINEAR LINEAR LINEAR LINEAR LINEAR
LINEAR LINEAR LINEAR LINEAR LINEAR LINEAR LINEAR LINEAR LINEAR LINEAR LINEAR LINEAR
LINEAR</Name_array>
        <technique_common>
          <accessor source="#mixamorig_Spine1-Interpolations-array" count="36">
            <param type="name"/>
          </accessor>
        </technique_common>
      </source>
      <sampler id="mixamorig_Spine1-Matrix-animation-transform">
        <input semantic="INPUT" source="#mixamorig_Spine1-Matrix-animation-input"/>
        <input semantic="OUTPUT" source="#mixamorig_Spine1-Matrix-animation-output-transform"/>
        <input semantic="INTERPOLATION" source="#mixamorig_Spine1-Interpolations"/>
      </sampler>
      <channel source="#mixamorig_Spine1-Matrix-animation-transform" target="mixamorig_Spine1/matrix"/>
    </animation>
    <animation id="mixamorig_Spine2-anim" name="mixamorig_Spine2">
      <source id="mixamorig_Spine2-Matrix-animation-input">
        <float_array id="mixamorig_Spine2-Matrix-animation-input-array" count="36">

0.000000 0.033333 0.066667 0.100000 0.133333 0.166667 0.200000 0.233333 0.266667 0.300000 0.333333 0.366667 0.400000 0.433333 0.466667 0.500000
0.533333 0.566667 0.600000 0.633333 0.666667 0.700000 0.733333 0.766667 0.800000 0.833333 0.866667 0.900000 0.933333 0.966667 1.000000 1.033333
1.066667 1.100000 1.133333 1.166667</float_array>
        <technique_common>
          <accessor source="#mixamorig_Spine2-Matrix-animation-input-array" count="36">
            <param name="TIME" type="float"/>
          </accessor>
        </technique_common>
      </source>
      <source id="mixamorig_Spine2-Matrix-animation-output-transform">
        <float_array id="mixamorig_Spine2-Matrix-animation-output-transform-array" count="576">

0.999985 -0.002897 0.004583 0.000000 0.003041 0.999493 -0.031704 8.074200 -0.004489 0.031717 0.999487 -0.000000 0.000000 0.000000 0.000000 1.000000
0.999980 -0.002167 0.005893 0.000000 0.002350 0.999509 -0.031241 8.074200 -0.005823 0.031254 0.999494 0.000000 0.000000 0.000000 0.000000 1.000000
0.999973 -0.002198 0.007032 0.000000 0.002405 0.999562 -0.029510 8.074200 -0.006964 0.029526 0.999540 0.000000 0.000000 0.000000 0.000000 1.000000
0.999963 -0.003012 0.008052 0.000000 0.003231 0.999623 -0.027278 8.074200 -0.007967 0.027303 0.999595 0.000000 0.000000 0.000000 0.000000 1.000000
0.999950 -0.004329 0.008992 0.000000 0.004557 0.999665 -0.025461 8.074200 -0.008878 0.025501 0.999635 0.000000 0.000000 0.000000 0.000000 1.000000
0.999938 -0.005212 0.009865 0.000000 0.005456 0.999676 -0.024868 8.074200 -0.009733 0.024920 0.999642 0.000000 0.000000 0.000000 0.000000 1.000000
0.999932 -0.004775 0.010624 -0.000000 0.005044 0.999664 -0.025422 8.074200 -0.010499 0.025474 0.999620 -0.000000 0.000000 0.000000 0.000000 1.000000
0.999934 -0.002594 0.011172 -0.000000 0.002891 0.999642 -0.026595 8.074200 -0.011099 0.026625 0.999584 0.000000 0.000000 0.000000 0.000000 1.000000
0.999935 0.001191 0.011367 -0.000000 -0.000874 0.999612 -0.027840 8.074200 -0.011396 0.027828 0.999548 0.000000 0.000000 0.000000 0.000000 1.000000
0.999922 0.005645 0.011171 0.000000 -0.005317 0.999561 -0.029133 8.074200 -0.011331 0.029071 0.999513 -0.000000 0.000000 0.000000 0.000000 1.000000
0.999894 0.010036 0.010583 -0.000000 -0.009707 0.999481 -0.030722 8.074200 -0.010886 0.030616 0.999472 0.000000 0.000000 0.000000 0.000000 1.000000
0.999859 0.013717 0.009657 0.000000 -0.013396 0.999378 -0.032615 8.074200 -0.010099 0.032481 0.999421 -0.000000 0.000000 0.000000 0.000000 1.000000
0.999833 0.016148 0.008532 -0.000000 -0.015848 0.999290 -0.034192 8.074200 -0.009078 0.034051 0.999379 -0.000000 0.000000 0.000000 0.000000 1.000000
0.999828 0.017013 0.007323 0.000000 -0.016749 0.999254 -0.034795 8.074200 -0.007909 0.034667 0.999368 -0.000000 0.000000 0.000000 0.000000 1.000000
0.999851 0.016181 0.006053 0.000000 -0.015964 0.999285 -0.034279 8.074200 -0.006603 0.034177 0.999394 0.000000 0.000000 0.000000 0.000000 1.000000
0.999894 0.013814 0.004638 -0.000000 -0.013652 0.999353 -0.033267 8.074200 -0.005094 0.033200 0.999436 -0.000000 0.000000 0.000000 0.000000 1.000000
0.999938 0.010756 0.003031 0.000000 -0.010651 0.999407 -0.032757 8.074200 -0.003381 0.032722 0.999459 -0.000000 0.000000 0.000000 0.000000 1.000000
0.999969 0.007715 0.001292 -0.000000 -0.007668 0.999424 -0.033062 8.074200 -0.001546 0.033051 0.999452 -0.000000 0.000000 0.000000 0.000000 1.000000
0.999986 0.005308 -0.000394 0.000000 -0.005319 0.999418 -0.033707 8.074200 0.000215 0.033708 0.999432 0.000000 0.000000 0.000000 0.000000 1.000000
0.999991 0.003912 -0.001829 0.000000 -0.003972 0.999425 -0.033672 8.074200 0.001696 0.033679 0.999431 -0.000000 0.000000 0.000000 0.000000 1.000000
0.999989 0.003560 -0.003011 0.000000 -0.003656 0.999464 -0.032518 8.074200 0.002894 0.032529 0.999467 -0.000000 0.000000 0.000000 0.000000 1.000000
0.999983 0.004055 -0.004085 0.000000 -0.004178 0.999525 -0.030526 8.074200 0.003959 0.030542 0.999526 0.000000 0.000000 0.000000 0.000000 1.000000
0.999975 0.004770 -0.005243 0.000000 -0.004917 0.999580 -0.028546 8.074200 0.005104 0.028571 0.999579 0.000000 0.000000 0.000000 0.000000 1.000000
0.999968 0.004741 -0.006464 0.000000 -0.004915 0.999617 -0.027225 8.074200 0.006332 0.027256 0.999608 -0.000000 0.000000 0.000000 0.000000 1.000000
0.999966 0.003267 -0.007517 0.000000 -0.003467 0.999639 -0.026638 8.074200 0.007427 0.026664 0.999617 -0.000000 0.000000 0.000000 0.000000 1.000000
0.999968 0.000085 -0.008046 -0.000000 -0.000300 0.999645 -0.026625 8.074200 0.008041 0.026626 0.999613 0.000000 0.000000 0.000000 0.000000 1.000000
0.999961 -0.004148 -0.007840 0.000000 0.003933 0.999624 -0.027136 8.074200 0.007950 0.027104 0.999601 0.000000 0.000000 0.000000 0.000000 1.000000
0.999941 -0.008295 -0.007026 -0.000000 0.008093 0.999565 -0.028344 8.074200 0.007258 0.028286 0.999574 -0.000000 0.000000 0.000000 0.000000 1.000000
0.999919 -0.011325 -0.005879 0.000000 0.011141 0.999478 -0.030322 8.074200 0.006219 0.030255 0.999523 0.000000 0.000000 0.000000 0.000000 1.000000
0.999913 -0.012348 -0.004730 0.000000 0.012187 0.999393 -0.032646 8.074200 0.005131 0.032586 0.999456 0.000000 0.000000 0.000000 0.000000 1.000000
0.999926 -0.011557 -0.003711 0.000000 0.011423 0.999343 -0.034391 8.074200 0.004106 0.034346 0.999402 -0.000000 0.000000 0.000000 0.000000 1.000000
0.999951 -0.009510 -0.002716 0.000000 0.009409 0.999345 -0.034938 8.074200 0.003047 0.034911 0.999386 -0.000000 0.000000 0.000000 0.000000 1.000000
0.999974 -0.007038 -0.001506 0.000000 0.006982 0.999390 -0.034218 8.074200 0.001746 0.034207 0.999413 -0.000000 0.000000 0.000000 0.000000 1.000000
0.999988 -0.004958 0.000125 0.000000 0.004960 0.999444 -0.032959 8.074200 0.000038 0.032959 0.999457 -0.000000 0.000000 0.000000 0.000000 1.000000
0.999991 -0.003557 0.002172 -0.000000 0.003625 0.999483 -0.031933 8.074200 -0.002057 0.031940 0.999488 0.000000 0.000000 0.000000 0.000000 1.000000
0.999985 -0.002897 0.004583 0.000000 0.003041 0.999493 -0.031704 8.074200 -0.004489 0.031717 0.999487 0.000000 0.000000 0.000000 0.000000 1.000000</float_array>
        <technique_common>
          <accessor source="#mixamorig_Spine2-Matrix-animation-output-transform-array" count="36" stride="16">
            <param type="float4x4"/>
          </accessor>
        </technique_common>
      </source>
      <source id="mixamorig_Spine2-Interpolations">
        <Name_array id="mixamorig_Spine2-Interpolations-array" count="36">
 LINEAR LINEAR LINEAR LINEAR LINEAR LINEAR LINEAR LINEAR LINEAR LINEAR LINEAR
LINEAR LINEAR LINEAR LINEAR LINEAR LINEAR LINEAR LINEAR LINEAR LINEAR LINEAR LINEAR
LINEAR LINEAR LINEAR LINEAR LINEAR LINEAR LINEAR LINEAR LINEAR LINEAR LINEAR LINEAR
LINEAR</Name_array>
        <technique_common>
          <accessor source="#mixamorig_Spine2-Interpolations-array" count="36">
            <param type="name"/>
          </accessor>
        </technique_common>
      </source>
      <sampler id="mixamorig_Spine2-Matrix-animation-transform">
        <input semantic="INPUT" source="#mixamorig_Spine2-Matrix-animation-input"/>
        <input semantic="OUTPUT" source="#mixamorig_Spine2-Matrix-animation-output-transform"/>
        <input semantic="INTERPOLATION" source="#mixamorig_Spine2-Interpolations"/>
      </sampler>
      <channel source="#mixamorig_Spine2-Matrix-animation-transform" target="mixamorig_Spine2/matrix"/>
    </animation>
    <animation id="mixamorig_Neck-anim" name="mixamorig_Neck">
      <source id="mixamorig_Neck-Matrix-animation-input">
        <float_array id="mixamorig_Neck-Matrix-animation-input-array" count="36">

0.000000 0.033333 0.066667 0.100000 0.133333 0.166667 0.200000 0.233333 0.266667 0.300000 0.333333 0.366667 0.400000 0.433333 0.466667 0.500000
0.533333 0.566667 0.600000 0.633333 0.666667 0.700000 0.733333 0.766667 0.800000 0.833333 0.866667 0.900000 0.933333 0.966667 1.000000 1.033333
1.066667 1.100000 1.133333 1.166667</float_array>
        <technique_common>
          <accessor source="#mixamorig_Neck-Matrix-animation-input-array" count="36">
            <param name="TIME" type="float"/>
          </accessor>
        </technique_common>
      </source>
      <source id="mixamorig_Neck-Matrix-animation-output-transform">
        <float_array id="mixamorig_Neck-Matrix-animation-output-transform-array" count="576">

0.999974 0.003130 0.006487 0.000000 -0.002618 0.996983 -0.077581 9.083400 -0.006710 0.077562 0.996965 0.000000 0.000000 0.000000 0.000000 1.000000
0.999958 0.005361 0.007423 0.000000 -0.004768 0.996968 -0.077665 9.083400 -0.007816 0.077627 0.996952 0.000000 0.000000 0.000000 0.000000 1.000000
0.999933 0.008036 0.008327 0.000000 -0.007362 0.996924 -0.078030 9.083400 -0.008928 0.077964 0.996916 0.000000 0.000000 0.000000 0.000000 1.000000
0.999898 0.010952 0.009148 0.000000 -0.010203 0.996887 -0.078180 9.083400 -0.009976 0.078079 0.996897 -0.000000 0.000000 0.000000 0.000000 1.000000
0.999860 0.013539 0.009830 0.000000 -0.012736 0.996904 -0.077596 9.083400 -0.010850 0.077460 0.996936 0.000000 0.000000 0.000000 0.000000 1.000000
0.999838 0.014728 0.010354 0.000000 -0.013897 0.996999 -0.076154 9.083400 -0.011445 0.075997 0.997042 0.000000 0.000000 0.000000 0.000000 1.000000
0.999848 0.013717 0.010742 -0.000000 -0.012880 0.997146 -0.074391 9.083400 -0.011731 0.074241 0.997171 0.000000 0.000000 0.000000 0.000000 1.000000
0.999887 0.010229 0.011021 0.000000 -0.009397 0.997287 -0.073016 9.083400 -0.011738 0.072904 0.997270 0.000000 0.000000 0.000000 0.000000 1.000000
0.999926 0.004647 0.011239 -0.000000 -0.003821 0.997363 -0.072480 9.083400 -0.011547 0.072431 0.997307 0.000000 0.000000 0.000000 0.000000 1.000000
0.999933 -0.001593 0.011471 0.000000 0.002418 0.997386 -0.072220 9.083400 -0.011326 0.072243 0.997323 0.000000 0.000000 0.000000 0.000000 1.000000
0.999904 -0.007243 0.011776 0.000000 0.008066 0.997414 -0.071417 9.083400 -0.011228 0.071505 0.997377 -0.000000 0.000000 0.000000 0.000000 1.000000
0.999864 -0.011076 0.012197 0.000000 0.011898 0.997507 -0.069558 9.083400 -0.011396 0.069693 0.997503 -0.000000 0.000000 0.000000 0.000000 1.000000
0.999844 -0.012272 0.012742 -0.000000 0.013102 0.997650 -0.067250 9.083400 -0.011887 0.067406 0.997655 0.000000 0.000000 0.000000 0.000000 1.000000
0.999852 -0.010797 0.013406 0.000000 0.011656 0.997768 -0.065757 9.083400 -0.012666 0.065904 0.997746 -0.000000 0.000000 0.000000 0.000000 1.000000
0.999874 -0.007090 0.014184 -0.000000 0.008012 0.997785 -0.066032 9.083400 -0.013685 0.066137 0.997717 0.000000 0.000000 0.000000 0.000000 1.000000
0.999885 -0.002165 0.015011 0.000000 0.003185 0.997665 -0.068228 9.083400 -0.014828 0.068268 0.997557 0.000000 0.000000 0.000000 0.000000 1.000000
0.999874 0.002471 0.015676 0.000000 -0.001351 0.997471 -0.071065 9.083400 -0.015812 0.071035 0.997348 0.000000 0.000000 0.000000 0.000000 1.000000
0.999857 0.005771 0.015915 -0.000000 -0.004588 0.997293 -0.073386 9.083400 -0.016296 0.073302 0.997177 -0.000000 0.000000 0.000000 0.000000 1.000000
0.999856 0.006956 0.015474 0.000000 -0.005785 0.997208 -0.074453 9.083400 -0.015949 0.074352 0.997104 0.000000 0.000000 0.000000 0.000000 1.000000
0.999880 0.005860 0.014349 -0.000000 -0.004777 0.997220 -0.074356 9.083400 -0.014744 0.074279 0.997129 0.000000 0.000000 0.000000 0.000000 1.000000
0.999914 0.002975 0.012811 -0.000000 -0.002025 0.997290 -0.073547 9.083400 -0.012995 0.073514 0.997209 0.000000 0.000000 0.000000 0.000000 1.000000
0.999937 -0.000808 0.011174 0.000000 0.001614 0.997384 -0.072270 9.083400 -0.011086 0.072283 0.997323 0.000000 0.000000 0.000000 0.000000 1.000000
0.999945 -0.003821 0.009723 0.000000 0.004498 0.997496 -0.070579 9.083400 -0.009429 0.070619 0.997459 0.000000 0.000000 0.000000 0.000000 1.000000
0.999954 -0.004400 0.008558 -0.000000 0.004978 0.997624 -0.068718 9.083400 -0.008235 0.068758 0.997599 0.000000 0.000000 0.000000 0.000000 1.000000
0.999969 -0.001660 0.007731 0.000000 0.002175 0.997746 -0.067065 9.083400 -0.007603 0.067080 0.997719 0.000000 0.000000 0.000000 0.000000 1.000000
0.999964 0.004215 0.007348 0.000000 -0.003721 0.997814 -0.065987 9.083400 -0.007610 0.065958 0.997793 -0.000000 0.000000 0.000000 0.000000 1.000000
0.999908 0.011285 0.007503 0.000000 -0.010770 0.997802 -0.065392 9.083400 -0.008225 0.065305 0.997831 0.000000 0.000000 0.000000 0.000000 1.000000
0.999820 0.017145 0.008115 0.000000 -0.016583 0.997759 -0.064827 9.083400 -0.009208 0.064681 0.997864 -0.000000 0.000000 0.000000 0.000000 1.000000
0.999761 0.019983 0.008922 0.000000 -0.019371 0.997759 -0.064039 9.083400 -0.010182 0.063851 0.997907 0.000000 0.000000 0.000000 0.000000 1.000000
0.999780 0.018716 0.009439 -0.000000 -0.018080 0.997823 -0.063423 9.083400 -0.010606 0.063238 0.997942 -0.000000 0.000000 0.000000 0.000000 1.000000
0.999850 0.014584 0.009323 0.000000 -0.013959 0.997862 -0.063853 9.083400 -0.010234 0.063713 0.997916 0.000000 0.000000 0.000000 0.000000 1.000000
0.999921 0.009247 0.008551 0.000000 -0.008664 0.997790 -0.065874 9.083400 -0.009141 0.065795 0.997791 0.000000 0.000000 0.000000 0.000000 1.000000
0.999962 0.004617 0.007426 0.000000 -0.004091 0.997586 -0.069324 9.083400 -0.007728 0.069291 0.997567 0.000000 0.000000 0.000000 0.000000 1.000000
0.999977 0.002058 0.006505 0.000000 -0.001577 0.997326 -0.073068 9.083400 -0.006638 0.073056 0.997306 0.000000 0.000000 0.000000 0.000000 1.000000
0.999980 0.001632 0.006123 0.000000 -0.001162 0.997101 -0.076074 9.083400 -0.006229 0.076066 0.997083 0.000000 0.000000 0.000000 0.000000 1.000000
0.999974 0.003130 0.006487 -0.000000 -0.002618 0.996983 -0.077581 9.083400 -0.006710 0.077562 0.996965 -0.000000 0.000000 0.000000 0.000000 1.000000</float_array>
        <technique_common>
          <accessor source="#mixamorig_Neck-Matrix-animation-output-transform-array" count="36" stride="16">
            <param type="float4x4"/>
          </accessor>
        </technique_common>
      </source>
      <source id="mixamorig_Neck-Interpolations">
        <Name_array id="mixamorig_Neck-Interpolations-array" count="36">
 LINEAR LINEAR LINEAR LINEAR LINEAR LINEAR LINEAR LINEAR LINEAR LINEAR LINEAR
LINEAR LINEAR LINEAR LINEAR LINEAR LINEAR LINEAR LINEAR LINEAR LINEAR LINEAR LINEAR
LINEAR LINEAR LINEAR LINEAR LINEAR LINEAR LINEAR LINEAR LINEAR LINEAR LINEAR LINEAR
LINEAR</Name_array>
        <technique_common>
          <accessor source="#mixamorig_Neck-Interpolations-array" count="36">
            <param type="name"/>
          </accessor>
        </technique_common>
      </source>
      <sampler id="mixamorig_Neck-Matrix-animation-transform">
        <input semantic="INPUT" source="#mixamorig_Neck-Matrix-animation-input"/>
        <input semantic="OUTPUT" source="#mixamorig_Neck-Matrix-animation-output-transform"/>
        <input semantic="INTERPOLATION" source="#mixamorig_Neck-Interpolations"/>
      </sampler>
      <channel source="#mixamorig_Neck-Matrix-animation-transform" target="mixamorig_Neck/matrix"/>
    </animation>
    <animation id="mixamorig_Head-anim" name="mixamorig_Head">
      <source id="mixamorig_Head-Matrix-animation-input">
        <float_array id="mixamorig_Head-Matrix-animation-input-array" count="36">

0.000000 0.033333 0.066667 0.100000 0.133333 0.166667 0.200000 0.233333 0.266667 0.300000 0.333333 0.366667 0.400000 0.433333 0.466667 0.500000
0.533333 0.566667 0.600000 0.633333 0.666667 0.700000 0.733333 0.766667 0.800000 0.833333 0.866667 0.900000 0.933333 0.966667 1.000000 1.033333
1.066667 1.100000 1.133333 1.166667</float_array>
        <technique_common>
          <accessor source="#mixamorig_Head-Matrix-animation-input-array" count="36">
            <param name="TIME" type="float"/>
          </accessor>
        </technique_common>
      </source>
      <source id="mixamorig_Head-Matrix-animation-output-transform">
        <float_array id="mixamorig_Head-Matrix-animation-output-transform-array" count="576">

0.995453 -0.006963 -0.094994 0.000000 0.014384 0.996876 0.077658 4.704800 0.094157 -0.078672 0.992444 1.984400 0.000000 0.000000 0.000000 1.000000
0.996206 -0.004389 -0.086920 0.000000 0.011444 0.996661 0.080840 4.704800 0.086275 -0.081528 0.992930 1.984400 0.000000 0.000000 0.000000 1.000000
0.996872 0.000510 -0.079030 0.000000 0.006161 0.996434 0.084147 4.704800 0.078791 -0.084370 0.993314 1.984400 0.000000 0.000000 0.000000 1.000000
0.997404 0.007572 -0.071608 0.000000 -0.001175 0.996034 0.088964 4.704800 0.071998 -0.088648 0.993457 1.984400 0.000000 0.000000 0.000000 1.000000
