<?xml version="1.0" encoding="utf-8"?>
<COLLADA xmlns="http://www.collada.org/2005/11/COLLADASchema" version="1.4.1">
  <asset>
    <contributor>
      <author>Mixamo</author>
      <authoring_tool>COLLADA Mixamo exporter</authoring_tool>
      <comments/>
    </contributor>
    <created>2024-03-27T14:46:38Z</created>
    <modified>2024-03-27T14:46:38Z</modified>
    <revision/>
    <title/>
    <unit meter="0.010000"/>
    <up_axis>Y_UP</up_axis>
  </asset>
  <library_animations>
    <animation id="mixamorig_Hips-anim" name="mixamorig_Hips">
      <source id="mixamorig_Hips-Matrix-animation-input">
        <float_array id="mixamorig_Hips-Matrix-animation-input-array" count="207">

0.000000 0.033333 0.066667 0.100000 0.133333 0.166667 0.200000 0.233333 0.266667 0.300000 0.333333 0.366667 0.400000 0.433333 0.466667 0.500000
0.533333 0.566667 0.600000 0.633333 0.666667 0.700000 0.733333 0.766667 0.800000 0.833333 0.866667 0.900000 0.933333 0.966667 1.000000 1.033333
1.066667 1.100000 1.133333 1.166667 1.200000 1.233333 1.266667 1.300000 1.333333 1.366667 1.400000 1.433333 1.466667 1.500000 1.533333 1.566667
1.600000 1.633333 1.666667 1.700000 1.733333 1.766667 1.800000 1.833333 1.866667 1.900000 1.933333 1.966667 2.000000 2.033333 2.066667 2.100000
2.133333 2.166667 2.200000 2.233333 2.266667 2.300000 2.333333 2.366667 2.400000 2.433333 2.466667 2.500000 2.533333 2.566667 2.600000 2.633333
2.666667 2.700000 2.733333 2.766667 2.800000 2.833333 2.866667 2.900000 2.933333 2.966667 3.000000 3.033333 3.066667 3.100000 3.133333 3.166667
3.200000 3.233333 3.266667 3.300000 3.333333 3.366667 3.400000 3.433333 3.466667 3.500000 3.533333 3.566667 3.600000 3.633333 3.666667 3.700000
3.733333 3.766667 3.800000 3.833333 3.866667 3.900000 3.933333 3.966667 4.000000 4.033333 4.066667 4.100000 4.133333 4.166667 4.200000 4.233333
4.266667 4.300000 4.333333 4.366667 4.400000 4.433333 4.466667 4.500000 4.533333 4.566667 4.600000 4.633333 4.666667 4.700000 4.733333 4.766667
4.800000 4.833333 4.866667 4.900000 4.933333 4.966667 5.000000 5.033333 5.066667 5.100000 5.133333 5.166667 5.200000 5.233333 5.266667 5.300000
5.333333 5.366667 5.400000 5.433333 5.466667 5.500000 5.533333 5.566667 5.600000 5.633333 5.666667 5.700000 5.733333 5.766667 5.800000 5.833333
5.866667 5.900000 5.933333 5.966667 6.000000 6.033333 6.066667 6.100000 6.133333 6.166667 6.200000 6.233333 6.266667 6.300000 6.333333 6.366667
6.400000 6.433333 6.466667 6.500000 6.533333 6.566667 6.600000 6.633333 6.666667 6.700000 6.733333 6.766667 6.800000 6.833333 6.866667</float_array>
        <technique_common>
          <accessor source="#mixamorig_Hips-Matrix-animation-input-array" count="207">
            <param name="TIME" type="float"/>
          </accessor>
        </technique_common>
      </source>
      <source id="mixamorig_Hips-Matrix-animation-output-transform">
        <float_array id="mixamorig_Hips-Matrix-animation-output-transform-array" count="3312">

0.998631 -0.009054 0.051527 2.405890 0.009868 0.999830 -0.015567 25.599045 -0.051377 0.016054 0.998550 7.909573 0.000000 0.000000 0.000000 1.000000
0.998367 -0.009445 0.056345 2.415368 0.010251 0.999849 -0.014024 25.594917 -0.056204 0.014579 0.998313 7.910241 0.000000 0.000000 0.000000 1.000000
0.998176 -0.009165 0.059679 2.421208 0.009892 0.999880 -0.011904 25.591774 -0.059562 0.012473 0.998147 7.918240 0.000000 0.000000 0.000000 1.000000
0.998120 -0.008392 0.060705 2.424099 0.008991 0.999914 -0.009598 25.589146 -0.060619 0.010126 0.998110 7.921238 0.000000 0.000000 0.000000 1.000000
0.998182 -0.007636 0.059786 2.426936 0.008106 0.999938 -0.007626 25.586264 -0.059724 0.008096 0.998182 7.910110 0.000000 0.000000 0.000000 1.000000
0.998281 -0.007319 0.058159 2.430687 0.007693 0.999951 -0.006199 25.583172 -0.058111 0.006636 0.998288 7.883995 0.000000 0.000000 0.000000 1.000000
0.998344 -0.007507 0.057037 2.433284 0.007809 0.999957 -0.005062 25.579809 -0.056997 0.005499 0.998359 7.847931 0.000000 0.000000 0.000000 1.000000
0.998347 -0.007998 0.056907 2.431658 0.008232 0.999959 -0.003870 25.575382 -0.056874 0.004332 0.998372 7.807108 0.000000 0.000000 0.000000 1.000000
0.998302 -0.008592 0.057620 2.423877 0.008756 0.999958 -0.002591 25.569757 -0.057595 0.003092 0.998335 7.764501 0.000000 0.000000 0.000000 1.000000
0.998213 -0.009174 0.059051 2.410048 0.009276 0.999956 -0.001452 25.564283 -0.059036 0.001997 0.998254 7.722856 0.000000 0.000000 0.000000 1.000000
0.998065 -0.009591 0.061428 2.392382 0.009646 0.999953 -0.000604 25.560726 -0.061419 0.001196 0.998111 7.686826 0.000000 0.000000 0.000000 1.000000
0.997852 -0.009609 0.064794 2.374120 0.009623 0.999954 0.000096 25.560116 -0.064792 0.000528 0.997899 7.661557 0.000000 0.000000 0.000000 1.000000
0.997623 -0.009062 0.068312 2.357743 0.009018 0.999959 0.000954 25.562063 -0.068318 -0.000335 0.997664 7.648189 0.000000 0.000000 0.000000 1.000000
0.997484 -0.008032 0.070436 2.344002 0.007912 0.999967 0.001979 25.564425 -0.070450 -0.001417 0.997514 7.641465 0.000000 0.000000 0.000000 1.000000
0.997519 -0.006858 0.070066 2.332578 0.006684 0.999974 0.002716 25.564789 -0.070083 -0.002241 0.997539 7.633758 0.000000 0.000000 0.000000 1.000000
0.997689 -0.005874 0.067694 2.323929 0.005698 0.999980 0.002790 25.563705 -0.067709 -0.002398 0.997702 7.623363 0.000000 0.000000 0.000000 1.000000
0.997864 -0.005253 0.065121 2.319374 0.005101 0.999984 0.002511 25.562412 -0.065133 -0.002173 0.997874 7.614770 0.000000 0.000000 0.000000 1.000000
0.997927 -0.004896 0.064176 2.320029 0.004725 0.999985 0.002821 25.562614 -0.064189 -0.002512 0.997935 7.615903 0.000000 0.000000 0.000000 1.000000
0.997848 -0.004539 0.065412 2.324674 0.004244 0.999980 0.004649 25.566784 -0.065432 -0.004361 0.997848 7.631656 0.000000 0.000000 0.000000 1.000000
0.997681 -0.003945 0.067942 2.329292 0.003404 0.999962 0.008074 25.575460 -0.067972 -0.007824 0.997657 7.656771 0.000000 0.000000 0.000000 1.000000
0.997512 -0.003068 0.070424 2.329360 0.002243 0.999928 0.011786 25.583946 -0.070455 -0.011599 0.997448 7.675919 0.000000 0.000000 0.000000 1.000000
0.997388 -0.002065 0.072206 2.323091 0.001080 0.999906 0.013676 25.586784 -0.072228 -0.013562 0.997296 7.676724 0.000000 0.000000 0.000000 1.000000
0.997277 -0.001166 0.073741 2.312361 0.000231 0.999919 0.012694 25.584442 -0.073750 -0.012642 0.997197 7.662918 0.000000 0.000000 0.000000 1.000000
0.997097 -0.000481 0.076137 2.301045 -0.000292 0.999949 0.010139 25.582718 -0.076138 -0.010132 0.997046 7.651492 0.000000 0.000000 0.000000 1.000000
0.996801 -0.000066 0.079920 2.291229 -0.000620 0.999963 0.008554 25.584053 -0.079917 -0.008576 0.996765 7.652990 0.000000 0.000000 0.000000 1.000000
0.996424 0.000256 0.084497 2.282923 -0.001047 0.999956 0.009313 25.588560 -0.084491 -0.009368 0.996380 7.665099 0.000000 0.000000 0.000000 1.000000
0.996114 0.000697 0.088076 2.274437 -0.001716 0.999933 0.011488 25.593811 -0.088062 -0.011595 0.996047 7.674686 0.000000 0.000000 0.000000 1.000000
0.996039 0.001328 0.088907 2.264445 -0.002501 0.999911 0.013084 25.597485 -0.088882 -0.013254 0.995954 7.672476 0.000000 0.000000 0.000000 1.000000
0.996229 0.001969 0.086740 2.252684 -0.003103 0.999911 0.012941 25.598289 -0.086707 -0.013161 0.996147 7.662809 0.000000 0.000000 0.000000 1.000000
0.996535 0.002348 0.083146 2.239462 -0.003312 0.999929 0.011456 25.596352 -0.083114 -0.011692 0.996471 7.660398 0.000000 0.000000 0.000000 1.000000
0.996761 0.002439 0.080380 2.225894 -0.003245 0.999946 0.009895 25.594309 -0.080352 -0.010123 0.996715 7.679283 0.000000 0.000000 0.000000 1.000000
0.996830 0.002376 0.079523 2.213855 -0.003118 0.999953 0.009201 25.594805 -0.079498 -0.009420 0.996791 7.719928 0.000000 0.000000 0.000000 1.000000
0.996784 0.002327 0.080104 2.206143 -0.003090 0.999951 0.009407 25.599209 -0.080079 -0.009625 0.996742 7.770549 0.000000 0.000000 0.000000 1.000000
0.996716 0.002305 0.080945 2.204431 -0.003107 0.999947 0.009789 25.605783 -0.080918 -0.010008 0.996670 7.814364 0.000000 0.000000 0.000000 1.000000
0.996685 0.002250 0.081330 2.207254 -0.003033 0.999950 0.009510 25.611103 -0.081304 -0.009725 0.996642 7.839534 0.000000 0.000000 0.000000 1.000000
0.996683 0.002185 0.081349 2.210372 -0.002867 0.999962 0.008270 25.613369 -0.081328 -0.008476 0.996651 7.845123 0.000000 0.000000 0.000000 1.000000
0.996677 0.002236 0.081427 2.209473 -0.002774 0.999975 0.006498 25.613392 -0.081410 -0.006702 0.996658 7.839354 0.000000 0.000000 0.000000 1.000000
0.996663 0.002385 0.081593 2.202004 -0.002789 0.999984 0.004838 25.610647 -0.081580 -0.005049 0.996654 7.829188 0.000000 0.000000 0.000000 1.000000
0.996654 0.002556 0.081700 2.188731 -0.002854 0.999990 0.003527 25.606045 -0.081690 -0.003748 0.996651 7.819488 0.000000 0.000000 0.000000 1.000000
0.996663 0.002636 0.081587 2.172220 -0.002831 0.999993 0.002282 25.601603 -0.081580 -0.002505 0.996664 7.811886 0.000000 0.000000 0.000000 1.000000
0.996682 0.002699 0.081345 2.155655 -0.002764 0.999996 0.000695 25.599092 -0.081342 -0.000918 0.996686 7.806793 0.000000 0.000000 0.000000 1.000000
0.996690 0.003029 0.081234 2.142289 -0.002920 0.999995 -0.001459 25.597618 -0.081238 0.001217 0.996694 7.803942 0.000000 0.000000 0.000000 1.000000
0.996682 0.003814 0.081310 2.135460 -0.003496 0.999986 -0.004061 25.595213 -0.081324 0.003763 0.996681 7.804400 0.000000 0.000000 0.000000 1.000000
0.996681 0.004861 0.081255 2.137887 -0.004340 0.999969 -0.006587 25.591526 -0.081285 0.006213 0.996672 7.810867 0.000000 0.000000 0.000000 1.000000
0.996723 0.005676 0.080695 2.149948 -0.005009 0.999952 -0.008469 25.587349 -0.080739 0.008037 0.996703 7.823994 0.000000 0.000000 0.000000 1.000000
0.996812 0.005792 0.079577 2.168792 -0.005037 0.999940 -0.009682 25.583647 -0.079629 0.009251 0.996782 7.840038 0.000000 0.000000 0.000000 1.000000
0.996923 0.005006 0.078233 2.189394 -0.004170 0.999933 -0.010842 25.580946 -0.078282 0.010482 0.996876 7.853039 0.000000 0.000000 0.000000 1.000000
0.997010 0.003488 0.077194 2.206976 -0.002521 0.999917 -0.012627 25.579132 -0.077232 0.012395 0.996936 7.858876 0.000000 0.000000 0.000000 1.000000
0.997041 0.001759 0.076857 2.219201 -0.000600 0.999886 -0.015091 25.577652 -0.076875 0.015000 0.996928 7.857372 0.000000 0.000000 0.000000 1.000000
0.997015 0.000390 0.077212 2.226739 0.000963 0.999846 -0.017495 25.575838 -0.077207 0.017517 0.996861 7.850660 0.000000 0.000000 0.000000 1.000000
0.996940 -0.000344 0.078173 2.232834 0.001830 0.999819 -0.018942 25.573181 -0.078152 0.019027 0.996760 7.841202 0.000000 0.000000 0.000000 1.000000
0.996786 -0.000563 0.080113 2.242259 0.002105 0.999814 -0.019170 25.570885 -0.080088 0.019277 0.996601 7.832696 0.000000 0.000000 0.000000 1.000000
0.996503 -0.000590 0.083557 2.259370 0.002152 0.999825 -0.018608 25.571827 -0.083532 0.018722 0.996329 7.831501 0.000000 0.000000 0.000000 1.000000
0.996103 -0.000693 0.088200 2.285169 0.002271 0.999839 -0.017798 25.577267 -0.088174 0.017929 0.995944 7.844070 0.000000 0.000000 0.000000 1.000000
0.995710 -0.000975 0.092528 2.315347 0.002559 0.999852 -0.016995 25.584419 -0.092498 0.017158 0.995565 7.872174 0.000000 0.000000 0.000000 1.000000
0.995507 -0.001410 0.094673 2.342154 0.002962 0.999864 -0.016248 25.589317 -0.094638 0.016456 0.995376 7.912615 0.000000 0.000000 0.000000 1.000000
0.995608 -0.001930 0.093604 2.359008 0.003401 0.999873 -0.015559 25.590704 -0.093562 0.015809 0.995488 7.960741 0.000000 0.000000 0.000000 1.000000
0.995970 -0.002447 0.089656 2.364219 0.003790 0.999883 -0.014814 25.590763 -0.089610 0.015094 0.995863 8.013304 0.000000 0.000000 0.000000 1.000000
0.996445 -0.002825 0.084195 2.361004 0.003994 0.999898 -0.013714 25.593512 -0.084148 0.014001 0.996355 8.068123 0.000000 0.000000 0.000000 1.000000
0.996884 -0.002896 0.078832 2.353768 0.003851 0.999921 -0.011957 25.601250 -0.078791 0.012223 0.996816 8.120957 0.000000 0.000000 0.000000 1.000000
0.997189 -0.002482 0.074881 2.344896 0.003202 0.999950 -0.009496 25.613369 -0.074853 0.009709 0.997147 8.165561 0.000000 0.000000 0.000000 1.000000
0.997345 -0.001643 0.072800 2.333869 0.002138 0.999975 -0.006725 25.625311 -0.072787 0.006863 0.997324 8.194110 0.000000 0.000000 0.000000 1.000000
0.997387 -0.000677 0.072245 2.320304 0.000993 0.999990 -0.004335 25.632793 -0.072242 0.004396 0.997377 8.203658 0.000000 0.000000 0.000000 1.000000
0.997376 0.000007 0.072399 2.305909 0.000204 0.999996 -0.002914 25.634163 -0.072399 0.002922 0.997371 8.197114 0.000000 0.000000 0.000000 1.000000
0.997364 0.000145 0.072554 2.293786 0.000041 0.999997 -0.002561 25.630905 -0.072554 0.002557 0.997361 8.180736 0.000000 0.000000 0.000000 1.000000
0.997372 -0.000230 0.072455 2.286538 0.000439 0.999996 -0.002868 25.626171 -0.072454 0.002892 0.997368 8.161552 0.000000 0.000000 0.000000 1.000000
0.997396 -0.000879 0.072116 2.285129 0.001120 0.999994 -0.003299 25.622177 -0.072112 0.003371 0.997391 8.145510 0.000000 0.000000 0.000000 1.000000
0.997442 -0.001569 0.071458 2.289125 0.001833 0.999992 -0.003632 25.618847 -0.071451 0.003754 0.997437 8.136284 0.000000 0.000000 0.000000 1.000000
0.997526 -0.002180 0.070268 2.296844 0.002475 0.999988 -0.004113 25.614975 -0.070258 0.004277 0.997520 8.134869 0.000000 0.000000 0.000000 1.000000
0.997647 -0.002623 0.068504 2.304888 0.002984 0.999982 -0.005171 25.610149 -0.068489 0.005363 0.997637 8.140014 0.000000 0.000000 0.000000 1.000000
0.997782 -0.002736 0.066513 2.308689 0.003203 0.999971 -0.006909 25.605846 -0.066493 0.007107 0.997762 8.149403 0.000000 0.000000 0.000000 1.000000
0.997897 -0.002408 0.064775 2.305434 0.002990 0.999956 -0.008892 25.604670 -0.064750 0.009067 0.997860 8.160327 0.000000 0.000000 0.000000 1.000000
0.997989 -0.001750 0.063363 2.297204 0.002418 0.999942 -0.010464 25.607805 -0.063341 0.010597 0.997936 8.169761 0.000000 0.000000 0.000000 1.000000
0.998095 -0.001093 0.061682 2.290170 0.001786 0.999936 -0.011178 25.613272 -0.061666 0.011267 0.998033 8.174458 0.000000 0.000000 0.000000 1.000000
0.998271 -0.000806 0.058781 2.289521 0.001453 0.999939 -0.010972 25.617399 -0.058768 0.011038 0.998211 8.172302 0.000000 0.000000 0.000000 1.000000
0.998531 -0.001125 0.054164 2.295387 0.001679 0.999947 -0.010186 25.618889 -0.054150 0.010262 0.998480 8.164549 0.000000 0.000000 0.000000 1.000000
0.998821 -0.002062 0.048501 2.303681 0.002524 0.999952 -0.009475 25.620403 -0.048479 0.009586 0.998778 8.156237 0.000000 0.000000 0.000000 1.000000
0.999046 -0.003384 0.043547 2.310221 0.003801 0.999948 -0.009500 25.626160 -0.043512 0.009656 0.999006 8.153375 0.000000 0.000000 0.000000 1.000000
0.999135 -0.004704 0.041318 2.314177 0.005143 0.999931 -0.010536 25.638174 -0.041266 0.010740 0.999090 8.159320 0.000000 0.000000 0.000000 1.000000
0.999060 -0.005716 0.042961 2.317739 0.006252 0.999904 -0.012348 25.654068 -0.042886 0.012605 0.999000 8.173797 0.000000 0.000000 0.000000 1.000000
0.998830 -0.006336 0.047943 2.323117 0.007035 0.999871 -0.014417 25.666914 -0.047845 0.014737 0.998746 8.192924 0.000000 0.000000 0.000000 1.000000
0.998525 -0.006675 0.053876 2.329349 0.007557 0.999841 -0.016178 25.670683 -0.053759 0.016562 0.998417 8.211832 0.000000 0.000000 0.000000 1.000000
0.998327 -0.006978 0.057396 2.332406 0.007975 0.999821 -0.017162 25.665962 -0.057266 0.017591 0.998204 8.229030 0.000000 0.000000 0.000000 1.000000
0.998388 -0.007481 0.056261 2.329242 0.008465 0.999815 -0.017277 25.658121 -0.056121 0.017725 0.998267 8.246565 0.000000 0.000000 0.000000 1.000000
0.998662 -0.008256 0.051053 2.321340 0.009133 0.999814 -0.016960 25.651989 -0.050903 0.017404 0.998552 8.267459 0.000000 0.000000 0.000000 1.000000
0.998952 -0.009081 0.044866 2.314289 0.009843 0.999811 -0.016790 25.648825 -0.044706 0.017214 0.998852 8.292937 0.000000 0.000000 0.000000 1.000000
0.999114 -0.009604 0.040971 2.313261 0.010305 0.999804 -0.016918 25.647882 -0.040800 0.017325 0.999017 8.322690 0.000000 0.000000 0.000000 1.000000
0.999127 -0.009695 0.040639 2.319008 0.010393 0.999802 -0.016985 25.648726 -0.040466 0.017392 0.999030 8.355639 0.000000 0.000000 0.000000 1.000000
0.999030 -0.009517 0.042991 2.328459 0.010235 0.999811 -0.016513 25.651787 -0.042825 0.016937 0.998939 8.390217 0.000000 0.000000 0.000000 1.000000
0.998883 -0.009318 0.046333 2.338481 0.010040 0.999831 -0.015372 25.656521 -0.046182 0.015820 0.998808 8.424581 0.000000 0.000000 0.000000 1.000000
0.998737 -0.009243 0.049387 2.348011 0.009944 0.999853 -0.013959 25.659481 -0.049250 0.014432 0.998682 8.456883 0.000000 0.000000 0.000000 1.000000
0.998623 -0.009280 0.051636 2.356674 0.009961 0.999867 -0.012950 25.656733 -0.051509 0.013446 0.998582 8.484847 0.000000 0.000000 0.000000 1.000000
0.998545 -0.009273 0.053122 2.363025 0.009965 0.999869 -0.012781 25.648832 -0.052997 0.013292 0.998506 8.505971 0.000000 0.000000 0.000000 1.000000
0.998488 -0.008981 0.054235 2.366050 0.009716 0.999864 -0.013316 25.641457 -0.054108 0.013822 0.998439 8.519066 0.000000 0.000000 0.000000 1.000000
0.998428 -0.008257 0.055441 2.366828 0.009044 0.999862 -0.013965 25.638748 -0.055318 0.014445 0.998364 8.523545 0.000000 0.000000 0.000000 1.000000
0.998355 -0.007188 0.056887 2.367522 0.008005 0.999868 -0.014150 25.638824 -0.056778 0.014582 0.998280 8.518223 0.000000 0.000000 0.000000 1.000000
0.998287 -0.006034 0.058201 2.369452 0.006843 0.999883 -0.013714 25.637028 -0.058112 0.014089 0.998211 8.503499 0.000000 0.000000 0.000000 1.000000
0.998260 -0.005090 0.058750 2.371684 0.005864 0.999898 -0.013010 25.630917 -0.058678 0.013332 0.998188 8.483883 0.000000 0.000000 0.000000 1.000000
0.998298 -0.004564 0.058146 2.371037 0.005309 0.999906 -0.012667 25.621880 -0.058083 0.012954 0.998228 8.466695 0.000000 0.000000 0.000000 1.000000
0.998389 -0.004455 0.056565 2.364077 0.005210 0.999899 -0.013205 25.613480 -0.056501 0.013479 0.998312 8.456687 0.000000 0.000000 0.000000 1.000000
0.998493 -0.004494 0.054690 2.350318 0.005305 0.999878 -0.014687 25.608555 -0.054617 0.014955 0.998395 8.452285 0.000000 0.000000 0.000000 1.000000
0.998569 -0.004306 0.053307 2.333655 0.005201 0.999848 -0.016664 25.607220 -0.053228 0.016917 0.998439 8.447838 0.000000 0.000000 0.000000 1.000000
0.998596 -0.003703 0.052833 2.320069 0.004689 0.999817 -0.018541 25.606668 -0.052755 0.018763 0.998431 8.438637 0.000000 0.000000 0.000000 1.000000
0.998585 -0.002809 0.053107 2.313796 0.003877 0.999792 -0.020025 25.603653 -0.053040 0.020203 0.998388 8.423913 0.000000 0.000000 0.000000 1.000000
0.998562 -0.001893 0.053568 2.315292 0.003035 0.999770 -0.021244 25.597462 -0.053515 0.021376 0.998338 8.407033 0.000000 0.000000 0.000000 1.000000
0.998560 -0.001141 0.053634 2.321779 0.002354 0.999743 -0.022560 25.590464 -0.053595 0.022654 0.998306 8.393576 0.000000 0.000000 0.000000 1.000000
0.998592 -0.000540 0.053042 2.329166 0.001834 0.999702 -0.024337 25.584074 -0.053013 0.024400 0.998296 8.386585 0.000000 0.000000 0.000000 1.000000
0.998774 -0.000580 0.049508 2.327831 0.002122 0.999514 -0.031105 25.594360 -0.049466 0.031172 0.998289 8.407323 0.000000 0.000000 0.000000 1.000000
0.998979 -0.000938 0.045177 2.319511 0.002729 0.999212 -0.039602 25.607569 -0.045105 0.039685 0.998194 8.439981 0.000000 0.000000 0.000000 1.000000
0.999147 -0.001420 0.041266 2.307833 0.003394 0.998852 -0.047792 25.619522 -0.041151 0.047891 0.998005 8.478886 0.000000 0.000000 0.000000 1.000000
0.999288 -0.002130 0.037676 2.296429 0.004211 0.998464 -0.055251 25.632570 -0.037500 0.055371 0.997761 8.520670 0.000000 0.000000 0.000000 1.000000
0.999417 -0.003230 0.033990 2.287244 0.005334 0.998061 -0.062019 25.647964 -0.033724 0.062164 0.997496 8.558760 0.000000 0.000000 0.000000 1.000000
0.999544 -0.004810 0.029825 2.279321 0.006846 0.997626 -0.068528 25.664890 -0.029424 0.068701 0.997203 8.587108 0.000000 0.000000 0.000000 1.000000
0.999652 -0.006585 0.025558 2.270992 0.008469 0.997199 -0.074316 25.682741 -0.024997 0.074507 0.996907 8.602171 0.000000 0.000000 0.000000 1.000000
0.999715 -0.007981 0.022509 2.265536 0.009711 0.996921 -0.077811 25.702538 -0.021819 0.078008 0.996714 8.601229 0.000000 0.000000 0.000000 1.000000
0.999763 -0.009326 0.019679 2.264195 0.010897 0.996633 -0.081263 25.723454 -0.018855 0.081459 0.996498 8.601783 0.000000 0.000000 0.000000 1.000000
0.999799 -0.010775 0.016926 2.266176 0.012171 0.996336 -0.084656 25.747921 -0.015952 0.084845 0.996266 8.601910 0.000000 0.000000 0.000000 1.000000
0.999826 -0.012373 0.013967 2.270159 0.013559 0.995997 -0.088355 25.768309 -0.012818 0.088529 0.995991 8.593077 0.000000 0.000000 0.000000 1.000000
0.999856 -0.013436 0.010396 2.276195 0.014335 0.995671 -0.091836 25.780548 -0.009117 0.091972 0.995720 8.566246 0.000000 0.000000 0.000000 1.000000
0.999869 -0.014635 0.006976 2.281072 0.015238 0.995247 -0.096185 25.795277 -0.005535 0.096279 0.995339 8.538465 0.000000 0.000000 0.000000 1.000000
0.999838 -0.016755 0.006588 2.277937 0.017337 0.994697 -0.101374 25.796515 -0.004854 0.101471 0.994827 8.514934 0.000000 0.000000 0.000000 1.000000
0.999805 -0.018885 0.005780 2.267573 0.019392 0.994168 -0.106088 25.782494 -0.003743 0.106179 0.994340 8.452235 0.000000 0.000000 0.000000 1.000000
0.999798 -0.020097 0.000934 2.247325 0.020080 0.993911 -0.108344 25.755966 0.001249 0.108341 0.994113 8.336673 0.000000 0.000000 0.000000 1.000000
0.999732 -0.022235 -0.006448 2.197537 0.021377 0.993526 -0.111580 25.718493 0.008888 0.111412 0.993735 8.199453 0.000000 0.000000 0.000000 1.000000
0.999626 -0.024673 -0.011814 2.124243 0.023165 0.993198 -0.114111 25.687393 0.014549 0.113795 0.993398 8.064516 0.000000 0.000000 0.000000 1.000000
0.999564 -0.025883 -0.014211 2.052678 0.024141 0.993476 -0.111455 25.673500 0.017004 0.111063 0.993668 7.921571 0.000000 0.000000 0.000000 1.000000
0.999477 -0.028506 -0.015252 1.972232 0.026680 0.993697 -0.108882 25.661583 0.018260 0.108419 0.993938 7.777609 0.000000 0.000000 0.000000 1.000000
0.999316 -0.033448 -0.015752 1.864625 0.031526 0.993478 -0.109575 25.642960 0.019314 0.109003 0.993854 7.637636 0.000000 0.000000 0.000000 1.000000
0.999102 -0.038028 -0.018694 1.759939 0.035723 0.993164 -0.111127 25.636946 0.022792 0.110359 0.993630 7.481986 0.000000 0.000000 0.000000 1.000000
0.998742 -0.042172 -0.027129 1.672285 0.038808 0.992674 -0.114417 25.616232 0.031755 0.113221 0.993062 7.286602 0.000000 0.000000 0.000000 1.000000
0.998028 -0.047869 -0.040615 1.569146 0.042642 0.991732 -0.121035 25.593887 0.046073 0.119064 0.991817 7.042192 0.000000 0.000000 0.000000 1.000000
0.996847 -0.053739 -0.058372 1.414818 0.045804 0.990500 -0.129664 25.584595 0.064785 0.126581 0.989838 6.757724 0.000000 0.000000 0.000000 1.000000
0.995168 -0.057811 -0.079365 1.176973 0.046389 0.989220 -0.138899 25.575958 0.086539 0.134546 0.987121 6.436066 0.000000 0.000000 0.000000 1.000000
0.993180 -0.062870 -0.098192 0.840159 0.047918 0.987853 -0.147819 25.558668 0.106292 0.142106 0.984128 6.078556 0.000000 0.000000 0.000000 1.000000
0.991871 -0.069240 -0.106761 0.421054 0.052262 0.986634 -0.154342 25.540001 0.116021 0.147507 0.982233 5.730222 0.000000 0.000000 0.000000 1.000000
0.991873 -0.075700 -0.102260 -0.037342 0.059062 0.985845 -0.156914 25.523483 0.112691 0.149600 0.982304 5.441315 0.000000 0.000000 0.000000 1.000000
0.992498 -0.084178 -0.088672 -0.506894 0.069733 0.985452 -0.154991 25.517855 0.100429 0.147645 0.983928 5.217365 0.000000 0.000000 0.000000 1.000000
0.992858 -0.096224 -0.070525 -0.988799 0.084646 0.984758 -0.151943 25.548096 0.084071 0.144888 0.985870 5.054688 0.000000 0.000000 0.000000 1.000000
0.992544 -0.109957 -0.052596 -1.463838 0.100807 0.983087 -0.152901 25.640118 0.068519 0.146459 0.986841 4.957114 0.000000 0.000000 0.000000 1.000000
0.991458 -0.124593 -0.038575 -1.919383 0.117148 0.980694 -0.156577 25.788692 0.057338 0.150721 0.986912 4.870776 0.000000 0.000000 0.000000 1.000000
0.989434 -0.143137 -0.023077 -2.380405 0.137771 0.977800 -0.157880 25.960808 0.045163 0.153032 0.987189 4.765304 0.000000 0.000000 0.000000 1.000000
0.986048 -0.166453 0.001588 -2.831809 0.164704 0.974211 -0.154224 26.130001 0.024124 0.152334 0.988035 4.697436 0.000000 0.000000 0.000000 1.000000
0.981182 -0.189791 0.035515 -3.256417 0.192969 0.970239 -0.146284 26.312914 -0.006695 0.150385 0.988605 4.703455 0.000000 0.000000 0.000000 1.000000
0.975514 -0.206492 0.075717 -3.698887 0.215518 0.966142 -0.141851 26.455069 -0.043862 0.154696 0.986988 4.746767 0.000000 0.000000 0.000000 1.000000
0.968186 -0.219356 0.120412 -4.147750 0.235045 0.962299 -0.136872 26.509485 -0.085849 0.160820 0.983243 4.788922 0.000000 0.000000 0.000000 1.000000
0.956068 -0.237121 0.172360 -4.507112 0.259150 0.958496 -0.118852 26.554974 -0.137024 0.158298 0.977838 4.803503 0.000000 0.000000 0.000000 1.000000
0.939679 -0.255817 0.227070 -4.754278 0.282951 0.954341 -0.095772 26.563667 -0.192202 0.154245 0.969158 4.782569 0.000000 0.000000 0.000000 1.000000
0.922770 -0.269796 0.275148 -4.943804 0.302114 0.949744 -0.081936 26.477150 -0.239214 0.158734 0.957904 4.733094 0.000000 0.000000 0.000000 1.000000
0.908737 -0.280907 0.308690 -5.086518 0.318246 0.944873 -0.077037 26.299252 -0.270032 0.168245 0.948038 4.608851 0.000000 0.000000 0.000000 1.000000
0.898760 -0.289239 0.329502 -5.130022 0.329621 0.941302 -0.072806 26.095684 -0.289103 0.174046 0.941344 4.426448 0.000000 0.000000 0.000000 1.000000
0.892505 -0.291398 0.344269 -5.049723 0.332904 0.940584 -0.066907 25.919237 -0.304318 0.174323 0.936484 4.263699 0.000000 0.000000 0.000000 1.000000
0.890068 -0.288622 0.352812 -4.873857 0.329445 0.942247 -0.060301 25.765827 -0.315032 0.169904 0.933749 4.134797 0.000000 0.000000 0.000000 1.000000
0.891578 -0.284636 0.352236 -4.631045 0.323372 0.944663 -0.055153 25.629526 -0.317046 0.163076 0.934285 4.001361 0.000000 0.000000 0.000000 1.000000
0.897216 -0.277868 0.343211 -4.299217 0.314937 0.947445 -0.056239 25.509945 -0.309546 0.158548 0.937573 3.872036 0.000000 0.000000 0.000000 1.000000
0.906466 -0.266164 0.327835 -3.876954 0.303398 0.950491 -0.067208 25.399231 -0.293716 0.160386 0.942341 3.756646 0.000000 0.000000 0.000000 1.000000
0.916313 -0.254963 0.308811 -3.401277 0.292487 0.952815 -0.081206 25.380146 -0.273536 0.164733 0.947650 3.629846 0.000000 0.000000 0.000000 1.000000
0.925507 -0.247812 0.286401 -2.848838 0.282744 0.955227 -0.087166 25.434185 -0.251977 0.161651 0.954136 3.515784 0.000000 0.000000 0.000000 1.000000
0.933642 -0.244638 0.261660 -2.256668 0.274557 0.957887 -0.084089 25.481670 -0.230069 0.150349 0.961490 3.423191 0.000000 0.000000 0.000000 1.000000
0.939318 -0.241775 0.243364 -1.711718 0.267529 0.960346 -0.078513 25.560843 -0.214731 0.138855 0.966752 3.380743 0.000000 0.000000 0.000000 1.000000
0.942138 -0.232933 0.241076 -1.180329 0.257249 0.963476 -0.074411 25.739952 -0.214938 0.132122 0.967649 3.434584 0.000000 0.000000 0.000000 1.000000
0.943859 -0.219977 0.246454 -0.644295 0.244708 0.966747 -0.074283 26.022839 -0.221918 0.130422 0.966304 3.573364 0.000000 0.000000 0.000000 1.000000
0.948425 -0.207888 0.239316 -0.194469 0.231231 0.970105 -0.073677 26.409473 -0.216845 0.125214 0.968142 3.742796 0.000000 0.000000 0.000000 1.000000
0.955340 -0.197133 0.220147 0.173113 0.216828 0.973771 -0.068963 26.879602 -0.200778 0.113617 0.973026 3.910999 0.000000 0.000000 0.000000 1.000000
0.960211 -0.187857 0.206650 0.581173 0.205146 0.976538 -0.065493 27.438980 -0.189499 0.105280 0.976220 4.076396 0.000000 0.000000 0.000000 1.000000
0.963243 -0.181774 0.197789 1.064589 0.198264 0.977865 -0.066871 28.164150 -0.181255 0.103628 0.977961 4.232102 0.000000 0.000000 0.000000 1.000000
0.968181 -0.174605 0.179274 1.554540 0.190590 0.978719 -0.076063 29.061668 -0.162178 0.107810 0.980854 4.371343 0.000000 0.000000 0.000000 1.000000
0.974222 -0.164142 0.154753 2.015175 0.179396 0.979624 -0.090301 30.086731 -0.136777 0.115736 0.983818 4.522668 0.000000 0.000000 0.000000 1.000000
0.979441 -0.150462 0.134376 2.442539 0.165100 0.980633 -0.105359 31.239143 -0.115921 0.125378 0.985314 4.737852 0.000000 0.000000 0.000000 1.000000
0.983978 -0.133749 0.117889 2.835241 0.147989 0.981473 -0.121699 32.506870 -0.099428 0.137196 0.985541 5.029609 0.000000 0.000000 0.000000 1.000000
0.987784 -0.116868 0.103078 3.178794 0.130409 0.982053 -0.136256 33.794979 -0.085304 0.148034 0.985297 5.364658 0.000000 0.000000 0.000000 1.000000
0.990801 -0.098220 0.093095 3.457067 0.111337 0.982673 -0.148182 35.051868 -0.076928 0.157184 0.984569 5.773883 0.000000 0.000000 0.000000 1.000000
0.993236 -0.078403 0.085640 3.683904 0.091521 0.982551 -0.161915 36.312248 -0.071451 0.168658 0.983082 6.206596 0.000000 0.000000 0.000000 1.000000
0.995073 -0.061228 0.077982 3.906151 0.074091 0.981866 -0.174500 37.562080 -0.065884 0.179418 0.981564 6.610318 0.000000 0.000000 0.000000 1.000000
0.996638 -0.044467 0.068811 4.133578 0.056376 0.981650 -0.182167 38.761608 -0.059448 0.185434 0.980857 6.984036 0.000000 0.000000 0.000000 1.000000
0.998091 -0.028503 0.054796 4.337849 0.038280 0.981687 -0.186614 39.857986 -0.048474 0.188356 0.980904 7.299973 0.000000 0.000000 0.000000 1.000000
0.999278 -0.015222 0.034799 4.528588 0.021559 0.981601 -0.189724 40.841511 -0.031271 0.190338 0.981221 7.575366 0.000000 0.000000 0.000000 1.000000
0.999933 -0.004080 0.010821 4.716851 0.006067 0.981653 -0.190578 41.715645 -0.009845 0.190631 0.981612 7.830950 0.000000 0.000000 0.000000 1.000000
0.999868 0.004035 -0.015735 4.877127 -0.006925 0.982108 -0.188193 42.441574 0.014694 0.188277 0.982006 8.068312 0.000000 0.000000 0.000000 1.000000
0.999051 0.010605 -0.042246 5.008259 -0.018103 0.983267 -0.181268 43.015228 0.039617 0.181861 0.982526 8.308232 0.000000 0.000000 0.000000 1.000000
0.997674 0.018110 -0.065720 5.116814 -0.029051 0.985090 -0.169571 43.490051 0.061669 0.171086 0.983324 8.559459 0.000000 0.000000 0.000000 1.000000
0.996020 0.023531 -0.085968 5.175694 -0.036898 0.986847 -0.157390 43.870384 0.081134 0.159935 0.983788 8.793406 0.000000 0.000000 0.000000 1.000000
0.994507 0.025046 -0.101632 5.170068 -0.039811 0.988489 -0.145959 44.116795 0.096807 0.149203 0.984056 9.000514 0.000000 0.000000 0.000000 1.000000
0.993589 0.025146 -0.110225 5.099472 -0.040036 0.990031 -0.135040 44.239422 0.105730 0.138587 0.984690 9.216142 0.000000 0.000000 0.000000 1.000000
0.993766 0.023944 -0.108883 4.981846 -0.037606 0.991417 -0.125209 44.281391 0.104951 0.128523 0.986138 9.449340 0.000000 0.000000 0.000000 1.000000
0.995232 0.019739 -0.095520 4.827992 -0.030787 0.992818 -0.115607 44.265507 0.092552 0.117997 0.988691 9.679865 0.000000 0.000000 0.000000 1.000000
0.996981 0.015953 -0.075984 4.658089 -0.023927 0.994161 -0.105220 44.302563 0.073861 0.106720 0.991542 9.930194 0.000000 0.000000 0.000000 1.000000
0.997921 0.013578 -0.063009 4.452186 -0.019510 0.995334 -0.094496 44.357327 0.061432 0.095528 0.993529 10.160981 0.000000 0.000000 0.000000 1.000000
0.998174 0.011372 -0.059318 4.202331 -0.016318 0.996368 -0.083576 44.404919 0.058152 0.084391 0.994734 10.365108 0.000000 0.000000 0.000000 1.000000
0.998258 0.007379 -0.058531 3.910904 -0.011601 0.997328 -0.072121 44.430546 0.057843 0.072674 0.995677 10.563858 0.000000 0.000000 0.000000 1.000000
0.998323 0.000891 -0.057879 3.579934 -0.004532 0.998016 -0.062793 44.441509 0.057709 0.062950 0.996347 10.758785 0.000000 0.000000 0.000000 1.000000
0.998295 -0.006872 -0.057969 3.223907 0.003436 0.998242 -0.059170 44.449150 0.058274 0.058870 0.996563 10.932394 0.000000 0.000000 0.000000 1.000000
0.998127 -0.012733 -0.059829 2.882033 0.009240 0.998257 -0.058289 44.455864 0.060467 0.057627 0.996505 11.075424 0.000000 0.000000 0.000000 1.000000
0.997895 -0.015765 -0.062907 2.576210 0.012275 0.998384 -0.055488 44.455975 0.063680 0.054599 0.996476 11.180639 0.000000 0.000000 0.000000 1.000000
0.997770 -0.018253 -0.064200 2.278135 0.014891 0.998512 -0.052461 44.450336 0.065062 0.051388 0.996557 11.254596 0.000000 0.000000 0.000000 1.000000
0.997715 -0.020881 -0.064254 1.990010 0.017650 0.998571 -0.050443 44.444843 0.065215 0.049194 0.996658 11.307612 0.000000 0.000000 0.000000 1.000000
0.997676 -0.022766 -0.064215 1.740946 0.019685 0.998643 -0.048216 44.439465 0.065225 0.046840 0.996771 11.343406 0.000000 0.000000 0.000000 1.000000
0.997761 -0.024032 -0.062412 1.536162 0.021185 0.998723 -0.045874 44.432583 0.063435 0.044449 0.996996 11.369225 0.000000 0.000000 0.000000 1.000000
0.997940 -0.024344 -0.059352 1.365412 0.021722 0.998776 -0.044432 44.420830 0.060361 0.043051 0.997248 11.393816 0.000000 0.000000 0.000000 1.000000
0.998142 -0.023521 -0.056201 1.220858 0.021094 0.998835 -0.043400 44.402145 0.057156 0.042134 0.997476 11.421607 0.000000 0.000000 0.000000 1.000000
0.998381 -0.022331 -0.052315 1.102558 0.020134 0.998909 -0.042147 44.384922 0.053199 0.041025 0.997741 11.450531 0.000000 0.000000 0.000000 1.000000
0.998598 -0.021309 -0.048446 1.017129 0.019283 0.998936 -0.041904 44.366726 0.049287 0.040911 0.997946 11.478439 0.000000 0.000000 0.000000 1.000000
0.998757 -0.020383 -0.045497 0.963161 0.018445 0.998921 -0.042619 44.349491 0.046317 0.041726 0.998055 11.507063 0.000000 0.000000 0.000000 1.000000
0.998872 -0.019262 -0.043411 0.931870 0.017406 0.998935 -0.042729 44.336887 0.044187 0.041925 0.998143 11.540357 0.000000 0.000000 0.000000 1.000000
0.998953 -0.018253 -0.041959 0.916001 0.016480 0.998973 -0.042218 44.320454 0.042687 0.041482 0.998227 11.583013 0.000000 0.000000 0.000000 1.000000
0.999031 -0.017205 -0.040521 0.913436 0.015491 0.998988 -0.042237 44.303177 0.041206 0.041568 0.998286 11.640306 0.000000 0.000000 0.000000 1.000000
0.999112 -0.016025 -0.038977 0.921173 0.014367 0.998995 -0.042455 44.289333 0.039618 0.041857 0.998338 11.711242 0.000000 0.000000 0.000000 1.000000
0.999147 -0.015278 -0.038354 0.934277 0.013663 0.999023 -0.042026 44.275959 0.038959 0.041466 0.998380 11.787745 0.000000 0.000000 0.000000 1.000000</float_array>
        <technique_common>
          <accessor source="#mixamorig_Hips-Matrix-animation-output-transform-array" count="207" stride="16">
            <param type="float4x4"/>
          </accessor>
        </technique_common>
      </source>
      <source id="mixamorig_Hips-Interpolations">
        <Name_array id="mixamorig_Hips-Interpolations-array" count="207">
 LINEAR LINEAR LINEAR LINEAR LINEAR LINEAR LINEAR LINEAR LINEAR LINEAR LINEAR
LINEAR LINEAR LINEAR LINEAR LINEAR LINEAR LINEAR LINEAR LINEAR LINEAR LINEAR LINEAR
LINEAR LINEAR LINEAR LINEAR LINEAR LINEAR LINEAR LINEAR LINEAR LINEAR LINEAR LINEAR
LINEAR LINEAR LINEAR LINEAR LINEAR LINEAR LINEAR LINEAR LINEAR LINEAR LINEAR LINEAR
LINEAR LINEAR LINEAR LINEAR LINEAR LINEAR LINEAR LINEAR LINEAR LINEAR LINEAR LINEAR
LINEAR LINEAR LINEAR LINEAR LINEAR LINEAR LINEAR LINEAR LINEAR LINEAR LINEAR LINEAR
LINEAR LINEAR LINEAR LINEAR LINEAR LINEAR LINEAR LINEAR LINEAR LINEAR LINEAR LINEAR
LINEAR LINEAR LINEAR LINEAR LINEAR LINEAR LINEAR LINEAR LINEAR LINEAR LINEAR LINEAR
LINEAR LINEAR LINEAR LINEAR LINEAR LINEAR LINEAR LINEAR LINEAR LINEAR LINEAR LINEAR
LINEAR LINEAR LINEAR LINEAR LINEAR LINEAR LINEAR LINEAR LINEAR LINEAR LINEAR LINEAR
LINEAR LINEAR LINEAR LINEAR LINEAR LINEAR LINEAR LINEAR LINEAR LINEAR LINEAR LINEAR
LINEAR LINEAR LINEAR LINEAR LINEAR LINEAR LINEAR LINEAR LINEAR LINEAR LINEAR LINEAR
LINEAR LINEAR LINEAR LINEAR LINEAR LINEAR LINEAR LINEAR LINEAR LINEAR LINEAR LINEAR
LINEAR LINEAR LINEAR LINEAR LINEAR LINEAR LINEAR LINEAR LINEAR LINEAR LINEAR LINEAR
LINEAR LINEAR LINEAR LINEAR LINEAR LINEAR LINEAR LINEAR LINEAR LINEAR LINEAR LINEAR
LINEAR LINEAR LINEAR LINEAR LINEAR LINEAR LINEAR LINEAR LINEAR LINEAR LINEAR LINEAR
LINEAR LINEAR LINEAR LINEAR LINEAR LINEAR LINEAR LINEAR LINEAR LINEAR LINEAR LINEAR
LINEAR LINEAR LINEAR LINEAR</Name_array>
        <technique_common>
          <accessor source="#mixamorig_Hips-Interpolations-array" count="207">
            <param type="name"/>
          </accessor>
        </technique_common>
      </source>
      <sampler id="mixamorig_Hips-Matrix-animation-transform">
        <input semantic="INPUT" source="#mixamorig_Hips-Matrix-animation-input"/>
        <input semantic="OUTPUT" source="#mixamorig_Hips-Matrix-animation-output-transform"/>
        <input semantic="INTERPOLATION" source="#mixamorig_Hips-Interpolations"/>
      </sampler>
      <channel source="#mixamorig_Hips-Matrix-animation-transform" target="mixamorig_Hips/matrix"/>
    </animation>
    <animation id="mixamorig_Spine-anim" name="mixamorig_Spine">
      <source id="mixamorig_Spine-Matrix-animation-input">
        <float_array id="mixamorig_Spine-Matrix-animation-input-array" count="207">

0.000000 0.033333 0.066667 0.100000 0.133333 0.166667 0.200000 0.233333 0.266667 0.300000 0.333333 0.366667 0.400000 0.433333 0.466667 0.500000
0.533333 0.566667 0.600000 0.633333 0.666667 0.700000 0.733333 0.766667 0.800000 0.833333 0.866667 0.900000 0.933333 0.966667 1.000000 1.033333
1.066667 1.100000 1.133333 1.166667 1.200000 1.233333 1.266667 1.300000 1.333333 1.366667 1.400000 1.433333 1.466667 1.500000 1.533333 1.566667
1.600000 1.633333 1.666667 1.700000 1.733333 1.766667 1.800000 1.833333 1.866667 1.900000 1.933333 1.966667 2.000000 2.033333 2.066667 2.100000
2.133333 2.166667 2.200000 2.233333 2.266667 2.300000 2.333333 2.366667 2.400000 2.433333 2.466667 2.500000 2.533333 2.566667 2.600000 2.633333
2.666667 2.700000 2.733333 2.766667 2.800000 2.833333 2.866667 2.900000 2.933333 2.966667 3.000000 3.033333 3.066667 3.100000 3.133333 3.166667
3.200000 3.233333 3.266667 3.300000 3.333333 3.366667 3.400000 3.433333 3.466667 3.500000 3.533333 3.566667 3.600000 3.633333 3.666667 3.700000
3.733333 3.766667 3.800000 3.833333 3.866667 3.900000 3.933333 3.966667 4.000000 4.033333 4.066667 4.100000 4.133333 4.166667 4.200000 4.233333
4.266667 4.300000 4.333333 4.366667 4.400000 4.433333 4.466667 4.500000 4.533333 4.566667 4.600000 4.633333 4.666667 4.700000 4.733333 4.766667
4.800000 4.833333 4.866667 4.900000 4.933333 4.966667 5.000000 5.033333 5.066667 5.100000 5.133333 5.166667 5.200000 5.233333 5.266667 5.300000
5.333333 5.366667 5.400000 5.433333 5.466667 5.500000 5.533333 5.566667 5.600000 5.633333 5.666667 5.700000 5.733333 5.766667 5.800000 5.833333
5.866667 5.900000 5.933333 5.966667 6.000000 6.033333 6.066667 6.100000 6.133333 6.166667 6.200000 6.233333 6.266667 6.300000 6.333333 6.366667
6.400000 6.433333 6.466667 6.500000 6.533333 6.566667 6.600000 6.633333 6.666667 6.700000 6.733333 6.766667 6.800000 6.833333 6.866667</float_array>
        <technique_common>
          <accessor source="#mixamorig_Spine-Matrix-animation-input-array" count="207">
            <param name="TIME" type="float"/>
          </accessor>
        </technique_common>
      </source>
      <source id="mixamorig_Spine-Matrix-animation-output-transform">
        <float_array id="mixamorig_Spine-Matrix-animation-output-transform-array" count="3312">

0.999933 0.006301 -0.009734 -0.000000 -0.005413 0.996049 0.088643 6.033800 0.010254 -0.088584 0.996016 -0.513700 0.000000 0.000000 0.000000 1.000000
0.999917 0.006203 -0.011293 0.000000 -0.005169 0.995983 0.089394 6.033800 0.011802 -0.089329 0.995932 -0.513700 0.000000 0.000000 0.000000 1.000000
0.999906 0.005457 -0.012595 0.000000 -0.004306 0.995967 0.089622 6.033800 0.013033 -0.089559 0.995896 -0.513700 0.000000 0.000000 0.000000 1.000000
0.999906 0.004460 -0.013001 -0.000000 -0.003274 0.995947 0.089881 6.033800 0.013349 -0.089830 0.995868 -0.513700 0.000000 0.000000 0.000000 1.000000
0.999921 0.003773 -0.011958 -0.000000 -0.002673 0.995877 0.090672 6.033800 0.012250 -0.090633 0.995809 -0.513700 0.000000 0.000000 0.000000 1.000000
0.999948 0.003681 -0.009538 0.000000 -0.002789 0.995761 0.091935 6.033800 0.009836 -0.091903 0.995719 -0.513700 0.000000 0.000000 0.000000 1.000000
0.999971 0.003866 -0.006614 0.000000 -0.003235 0.995670 0.092899 6.033800 0.006944 -0.092874 0.995654 -0.513700 0.000000 0.000000 0.000000 1.000000
0.999983 0.003723 -0.004401 0.000000 -0.003299 0.995686 0.092724 6.033800 0.004728 -0.092708 0.995682 -0.513700 0.000000 0.000000 0.000000 1.000000
0.999989 0.002972 -0.003738 0.000000 -0.002618 0.995815 0.091356 6.033800 0.003994 -0.091345 0.995811 -0.513700 0.000000 0.000000 0.000000 1.000000
