<?xml version="1.0" encoding="utf-8"?>
<COLLADA xmlns="http://www.collada.org/2005/11/COLLADASchema" version="1.4.1">
  <asset>
    <contributor>
      <author>Mixamo</author>
      <authoring_tool>COLLADA Mixamo exporter</authoring_tool>
      <comments/>
    </contributor>
    <created>2024-03-23T03:02:53Z</created>
    <modified>2024-03-23T03:02:53Z</modified>
    <revision/>
    <title/>
    <unit meter="0.010000"/>
    <up_axis>Y_UP</up_axis>
  </asset>
  <library_animations>
    <animation id="Armature-anim" name="Armature">
      <source id="Armature-Matrix-animation-input">
        <float_array id="Armature-Matrix-animation-input-array" count="22">

0.000000 0.033333 0.066667 0.100000 0.133333 0.166667 0.200000 0.233333 0.266667 0.300000 0.333333 0.366667 0.400000 0.433333 0.466667 0.500000
0.533333 0.566667 0.600000 0.633333 0.666667 0.700000</float_array>
        <technique_common>
          <accessor source="#Armature-Matrix-animation-input-array" count="22">
            <param name="TIME" type="float"/>
          </accessor>
        </technique_common>
      </source>
      <source id="Armature-Matrix-animation-output-transform">
        <float_array id="Armature-Matrix-animation-output-transform-array" count="352">

1.000000 0.000000 0.000000 0.000000 0.000000 1.000000 0.000000 0.000000 0.000000 0.000000 1.000000 0.000000 0.000000 0.000000 0.000000 1.000000
1.000000 0.000000 0.000000 0.000000 0.000000 1.000000 0.000000 0.000000 0.000000 0.000000 1.000000 0.000000 0.000000 0.000000 0.000000 1.000000
1.000000 0.000000 0.000000 0.000000 0.000000 1.000000 0.000000 0.000000 0.000000 0.000000 1.000000 0.000000 0.000000 0.000000 0.000000 1.000000
1.000000 0.000000 0.000000 0.000000 0.000000 1.000000 0.000000 0.000000 0.000000 0.000000 1.000000 0.000000 0.000000 0.000000 0.000000 1.000000
1.000000 0.000000 0.000000 0.000000 0.000000 1.000000 0.000000 0.000000 0.000000 0.000000 1.000000 0.000000 0.000000 0.000000 0.000000 1.000000
1.000000 0.000000 0.000000 0.000000 0.000000 1.000000 0.000000 0.000000 0.000000 0.000000 1.000000 0.000000 0.000000 0.000000 0.000000 1.000000
1.000000 0.000000 0.000000 0.000000 0.000000 1.000000 0.000000 0.000000 0.000000 0.000000 1.000000 0.000000 0.000000 0.000000 0.000000 1.000000
1.000000 0.000000 0.000000 0.000000 0.000000 1.000000 0.000000 0.000000 0.000000 0.000000 1.000000 0.000000 0.000000 0.000000 0.000000 1.000000
1.000000 0.000000 0.000000 0.000000 0.000000 1.000000 0.000000 0.000000 0.000000 0.000000 1.000000 0.000000 0.000000 0.000000 0.000000 1.000000
1.000000 0.000000 0.000000 0.000000 0.000000 1.000000 0.000000 0.000000 0.000000 0.000000 1.000000 0.000000 0.000000 0.000000 0.000000 1.000000
1.000000 0.000000 0.000000 0.000000 0.000000 1.000000 0.000000 0.000000 0.000000 0.000000 1.000000 0.000000 0.000000 0.000000 0.000000 1.000000
1.000000 0.000000 0.000000 0.000000 0.000000 1.000000 0.000000 0.000000 0.000000 0.000000 1.000000 0.000000 0.000000 0.000000 0.000000 1.000000
1.000000 0.000000 0.000000 0.000000 0.000000 1.000000 0.000000 0.000000 0.000000 0.000000 1.000000 0.000000 0.000000 0.000000 0.000000 1.000000
1.000000 0.000000 0.000000 0.000000 0.000000 1.000000 0.000000 0.000000 0.000000 0.000000 1.000000 0.000000 0.000000 0.000000 0.000000 1.000000
1.000000 0.000000 0.000000 0.000000 0.000000 1.000000 0.000000 0.000000 0.000000 0.000000 1.000000 0.000000 0.000000 0.000000 0.000000 1.000000
1.000000 0.000000 0.000000 0.000000 0.000000 1.000000 0.000000 0.000000 0.000000 0.000000 1.000000 0.000000 0.000000 0.000000 0.000000 1.000000
1.000000 0.000000 0.000000 0.000000 0.000000 1.000000 0.000000 0.000000 0.000000 0.000000 1.000000 0.000000 0.000000 0.000000 0.000000 1.000000
1.000000 0.000000 0.000000 0.000000 0.000000 1.000000 0.000000 0.000000 0.000000 0.000000 1.000000 0.000000 0.000000 0.000000 0.000000 1.000000
1.000000 0.000000 0.000000 0.000000 0.000000 1.000000 0.000000 0.000000 0.000000 0.000000 1.000000 0.000000 0.000000 0.000000 0.000000 1.000000
1.000000 0.000000 0.000000 0.000000 0.000000 1.000000 0.000000 0.000000 0.000000 0.000000 1.000000 0.000000 0.000000 0.000000 0.000000 1.000000
1.000000 0.000000 0.000000 0.000000 0.000000 1.000000 0.000000 0.000000 0.000000 0.000000 1.000000 0.000000 0.000000 0.000000 0.000000 1.000000
1.000000 0.000000 0.000000 0.000000 0.000000 1.000000 0.000000 0.000000 0.000000 0.000000 1.000000 0.000000 0.000000 0.000000 0.000000 1.000000</float_array>
        <technique_common>
          <accessor source="#Armature-Matrix-animation-output-transform-array" count="22" stride="16">
            <param type="float4x4"/>
          </accessor>
        </technique_common>
      </source>
      <source id="Armature-Interpolations">
        <Name_array id="Armature-Interpolations-array" count="22">
 LINEAR LINEAR LINEAR LINEAR LINEAR LINEAR LINEAR LINEAR LINEAR LINEAR LINEAR
LINEAR LINEAR LINEAR LINEAR LINEAR LINEAR LINEAR LINEAR LINEAR LINEAR LINEAR</Name_array>
        <technique_common>
          <accessor source="#Armature-Interpolations-array" count="22">
            <param type="name"/>
          </accessor>
        </technique_common>
      </source>
      <sampler id="Armature-Matrix-animation-transform">
        <input semantic="INPUT" source="#Armature-Matrix-animation-input"/>
        <input semantic="OUTPUT" source="#Armature-Matrix-animation-output-transform"/>
        <input semantic="INTERPOLATION" source="#Armature-Interpolations"/>
      </sampler>
      <channel source="#Armature-Matrix-animation-transform" target="Armature/matrix"/>
    </animation>
    <animation id="mixamorig_Hips-anim" name="mixamorig_Hips">
      <source id="mixamorig_Hips-Matrix-animation-input">
        <float_array id="mixamorig_Hips-Matrix-animation-input-array" count="22">

0.000000 0.033333 0.066667 0.100000 0.133333 0.166667 0.200000 0.233333 0.266667 0.300000 0.333333 0.366667 0.400000 0.433333 0.466667 0.500000
0.533333 0.566667 0.600000 0.633333 0.666667 0.700000</float_array>
        <technique_common>
          <accessor source="#mixamorig_Hips-Matrix-animation-input-array" count="22">
            <param name="TIME" type="float"/>
          </accessor>
        </technique_common>
      </source>
      <source id="mixamorig_Hips-Matrix-animation-output-transform">
        <float_array id="mixamorig_Hips-Matrix-animation-output-transform-array" count="352">

0.984984 0.155244 -0.075542 0.899147 -0.165701 0.972921 -0.161143 93.582657 0.048480 0.171240 0.984036 -1.923522 0.000000 0.000000 0.000000 1.000000
0.987303 0.113948 -0.110675 0.941135 -0.134675 0.969914 -0.202803 95.483925 0.084236 0.215134 0.972945 -1.536106 0.000000 0.000000 0.000000 1.000000
0.989075 0.054854 -0.136826 1.080808 -0.086253 0.968064 -0.235397 97.597466 0.119544 0.244627 0.962220 -1.186741 0.000000 0.000000 0.000000 1.000000
0.991851 -0.002235 -0.127386 1.260755 -0.032631 0.962040 -0.270952 99.225410 0.123156 0.272901 0.954127 -0.887477 0.000000 0.000000 0.000000 1.000000
0.996013 -0.030047 -0.083993 1.258777 0.003738 0.954794 -0.297243 100.235748 0.089127 0.295744 0.951100 -0.817437 0.000000 0.000000 0.000000 1.000000
0.999307 -0.014422 -0.034308 0.952157 0.003842 0.956910 -0.290358 100.725632 0.037018 0.290025 0.956303 -0.933855 0.000000 0.000000 0.000000 1.000000
0.999827 0.016813 0.007978 0.587698 -0.014327 0.969012 -0.246596 99.667809 -0.011877 0.246439 0.969085 -1.479273 0.000000 0.000000 0.000000 1.000000
0.998170 0.026856 0.054178 0.477582 -0.015866 0.980891 -0.193911 97.182045 -0.058350 0.192697 0.979522 -2.111158 0.000000 0.000000 0.000000 1.000000
0.993479 0.003204 0.113968 0.750474 0.015528 0.986489 -0.163089 94.714554 -0.112950 0.163795 0.980007 -2.344363 0.000000 0.000000 0.000000 1.000000
0.985260 -0.034289 0.167593 1.260416 0.061438 0.985268 -0.159602 92.820457 -0.159651 0.167546 0.972851 -2.279301 0.000000 0.000000 0.000000 1.000000
0.981617 -0.048945 0.184478 1.835157 0.081600 0.981391 -0.173819 92.539902 -0.172538 0.185677 0.967344 -2.044392 0.000000 0.000000 0.000000 1.000000
0.986648 -0.026455 0.160701 2.293897 0.057194 0.980156 -0.189799 93.656769 -0.152491 0.196456 0.968582 -1.937959 0.000000 0.000000 0.000000 1.000000
0.992982 0.023624 0.115880 2.467555 -0.000264 0.980285 -0.197589 96.776558 -0.118264 0.196172 0.973412 -1.846478 0.000000 0.000000 0.000000 1.000000
0.994744 0.080493 0.063285 2.399899 -0.065852 0.976214 -0.206566 99.881973 -0.078407 0.201312 0.976384 -1.703620 0.000000 0.000000 0.000000 1.000000
0.993231 0.115990 0.006134 2.253276 -0.111796 0.968971 -0.220449 101.474121 -0.031513 0.218271 0.975379 -1.586274 0.000000 0.000000 0.000000 1.000000
0.992166 0.117874 -0.041382 2.232495 -0.124118 0.967719 -0.219352 101.111755 0.014190 0.222770 0.974768 -1.627042 0.000000 0.000000 0.000000 1.000000
0.992939 0.101348 -0.061643 2.250687 -0.111199 0.976195 -0.186218 99.249313 0.041302 0.191758 0.980573 -1.985735 0.000000 0.000000 0.000000 1.000000
0.993543 0.095453 -0.061324 1.990922 -0.103081 0.985265 -0.136482 96.838013 0.047393 0.141922 0.988743 -2.563902 0.000000 0.000000 0.000000 1.000000
0.991177 0.114563 -0.066660 1.353955 -0.121186 0.986988 -0.105680 94.565498 0.053686 0.112826 0.992163 -2.752959 0.000000 0.000000 0.000000 1.000000
0.985622 0.147324 -0.082738 0.744182 -0.155747 0.982011 -0.106761 93.054520 0.065521 0.118112 0.990836 -2.626964 0.000000 0.000000 0.000000 1.000000
0.982427 0.163928 -0.089242 0.506448 -0.174560 0.976239 -0.128401 92.733124 0.066072 0.141723 0.987699 -2.235075 0.000000 0.000000 0.000000 1.000000
0.984984 0.155244 -0.075542 0.899143 -0.165701 0.972921 -0.161143 93.582642 0.048480 0.171240 0.984036 -1.923516 0.000000 0.000000 0.000000 1.000000</float_array>
        <technique_common>
          <accessor source="#mixamorig_Hips-Matrix-animation-output-transform-array" count="22" stride="16">
            <param type="float4x4"/>
          </accessor>
        </technique_common>
      </source>
      <source id="mixamorig_Hips-Interpolations">
        <Name_array id="mixamorig_Hips-Interpolations-array" count="22">
 LINEAR LINEAR LINEAR LINEAR LINEAR LINEAR LINEAR LINEAR LINEAR LINEAR LINEAR
LINEAR LINEAR LINEAR LINEAR LINEAR LINEAR LINEAR LINEAR LINEAR LINEAR LINEAR</Name_array>
        <technique_common>
          <accessor source="#mixamorig_Hips-Interpolations-array" count="22">
            <param type="name"/>
          </accessor>
        </technique_common>
      </source>
      <sampler id="mixamorig_Hips-Matrix-animation-transform">
        <input semantic="INPUT" source="#mixamorig_Hips-Matrix-animation-input"/>
        <input semantic="OUTPUT" source="#mixamorig_Hips-Matrix-animation-output-transform"/>
        <input semantic="INTERPOLATION" source="#mixamorig_Hips-Interpolations"/>
      </sampler>
      <channel source="#mixamorig_Hips-Matrix-animation-transform" target="mixamorig_Hips/matrix"/>
    </animation>
    <animation id="mixamorig_Spine-anim" name="mixamorig_Spine">
      <source id="mixamorig_Spine-Matrix-animation-input">
        <float_array id="mixamorig_Spine-Matrix-animation-input-array" count="22">

0.000000 0.033333 0.066667 0.100000 0.133333 0.166667 0.200000 0.233333 0.266667 0.300000 0.333333 0.366667 0.400000 0.433333 0.466667 0.500000
0.533333 0.566667 0.600000 0.633333 0.666667 0.700000</float_array>
        <technique_common>
          <accessor source="#mixamorig_Spine-Matrix-animation-input-array" count="22">
            <param name="TIME" type="float"/>
          </accessor>
        </technique_common>
      </source>
      <source id="mixamorig_Spine-Matrix-animation-output-transform">
        <float_array id="mixamorig_Spine-Matrix-animation-output-transform-array" count="352">

0.992915 -0.100641 0.063175 0.000000 0.104239 0.992947 -0.056494 12.246100 -0.057043 0.062679 0.996402 0.234600 0.000000 0.000000 0.000000 1.000000
0.994161 -0.075122 0.077457 -0.000000 0.077864 0.996418 -0.033005 12.246100 -0.074700 0.038843 0.996449 0.234600 0.000000 0.000000 0.000000 1.000000
0.994142 -0.040069 0.100381 0.000000 0.042241 0.998915 -0.019598 12.246100 -0.099486 0.023723 0.994756 0.234600 0.000000 0.000000 0.000000 1.000000
0.992486 -0.008808 0.122043 0.000000 0.010277 0.999882 -0.011408 12.246100 -0.121928 0.012576 0.992459 0.234600 0.000000 0.000000 0.000000 1.000000
0.990821 0.005256 0.135080 0.000000 -0.004288 0.999963 -0.007458 12.246100 -0.135114 0.006811 0.990807 0.234600 0.000000 0.000000 0.000000 1.000000
0.990701 -0.003116 0.136020 -0.000000 0.005072 0.999889 -0.014042 12.246100 -0.135961 0.014601 0.990607 0.234600 0.000000 0.000000 0.000000 1.000000
0.992321 -0.018063 0.122364 -0.000000 0.022404 0.999164 -0.034189 12.246100 -0.121644 0.036668 0.991896 0.234600 0.000000 0.000000 0.000000 1.000000
0.994958 -0.025989 0.096867 -0.000000 0.031606 0.997879 -0.056908 12.246100 -0.095183 0.059682 0.993669 0.234600 0.000000 0.000000 0.000000 1.000000
0.997279 -0.024089 0.069674 0.000000 0.028716 0.997394 -0.066193 12.246100 -0.067898 0.068013 0.995371 0.234600 0.000000 0.000000 0.000000 1.000000
0.998331 -0.015986 0.055498 0.000000 0.019180 0.998161 -0.057503 12.246100 -0.054477 0.058471 0.996802 0.234600 0.000000 0.000000 0.000000 1.000000
0.998254 -0.016716 0.056659 0.000000 0.018860 0.999118 -0.037514 12.246100 -0.055982 0.038517 0.997689 0.234600 0.000000 0.000000 0.000000 1.000000
0.997609 -0.036670 0.058579 0.000000 0.037954 0.999059 -0.020967 12.246100 -0.057755 0.023140 0.998063 0.234600 0.000000 0.000000 0.000000 1.000000
0.996174 -0.070813 0.051206 0.000000 0.071860 0.997235 -0.018912 12.246100 -0.049725 0.022520 0.998509 0.234600 0.000000 0.000000 0.000000 1.000000
0.993846 -0.103385 0.039779 0.000000 0.104475 0.994178 -0.026358 12.246100 -0.036823 0.030352 0.998861 0.234600 0.000000 0.000000 0.000000 1.000000
0.992477 -0.118100 0.032288 -0.000000 0.119206 0.992261 -0.034765 12.246100 -0.027933 0.038352 0.998874 0.234600 0.000000 0.000000 0.000000 1.000000
0.992840 -0.115590 0.030143 0.000000 0.116928 0.992017 -0.047226 12.246100 -0.024444 0.050412 0.998429 0.234600 0.000000 0.000000 0.000000 1.000000
0.993700 -0.106954 0.033479 0.000000 0.109081 0.991569 -0.069951 12.246100 -0.025715 0.073162 0.996988 0.234600 0.000000 0.000000 0.000000 1.000000
0.994068 -0.099221 0.044550 0.000000 0.103105 0.990069 -0.095568 12.246100 -0.034625 0.099594 0.994426 0.234600 0.000000 0.000000 0.000000 1.000000
0.993791 -0.091902 0.062711 0.000000 0.098273 0.989337 -0.107496 12.246100 -0.052163 0.112991 0.992226 0.234600 0.000000 0.000000 0.000000 1.000000
0.992946 -0.090995 0.076011 0.000000 0.098404 0.990090 -0.100196 12.246100 -0.066141 0.106969 0.992060 0.234600 0.000000 0.000000 0.000000 1.000000
0.992678 -0.095523 0.073926 0.000000 0.101435 0.991552 -0.080842 12.246100 -0.065579 0.087749 0.993982 0.234600 0.000000 0.000000 0.000000 1.000000
0.992915 -0.100641 0.063174 -0.000000 0.104239 0.992946 -0.056494 12.246100 -0.057043 0.062679 0.996402 0.234600 0.000000 0.000000 0.000000 1.000000</float_array>
        <technique_common>
          <accessor source="#mixamorig_Spine-Matrix-animation-output-transform-array" count="22" stride="16">
            <param type="float4x4"/>
          </accessor>
        </technique_common>
      </source>
      <source id="mixamorig_Spine-Interpolations">
        <Name_array id="mixamorig_Spine-Interpolations-array" count="22">
 LINEAR LINEAR LINEAR LINEAR LINEAR LINEAR LINEAR LINEAR LINEAR LINEAR LINEAR
LINEAR LINEAR LINEAR LINEAR LINEAR LINEAR LINEAR LINEAR LINEAR LINEAR LINEAR</Name_array>
        <technique_common>
          <accessor source="#mixamorig_Spine-Interpolations-array" count="22">
            <param type="name"/>
          </accessor>
        </technique_common>
      </source>
      <sampler id="mixamorig_Spine-Matrix-animation-transform">
        <input semantic="INPUT" source="#mixamorig_Spine-Matrix-animation-input"/>
        <input semantic="OUTPUT" source="#mixamorig_Spine-Matrix-animation-output-transform"/>
        <input semantic="INTERPOLATION" source="#mixamorig_Spine-Interpolations"/>
      </sampler>
      <channel source="#mixamorig_Spine-Matrix-animation-transform" target="mixamorig_Spine/matrix"/>
    </animation>
    <animation id="mixamorig_Spine1-anim" name="mixamorig_Spine1">
      <source id="mixamorig_Spine1-Matrix-animation-input">
        <float_array id="mixamorig_Spine1-Matrix-animation-input-array" count="22">

0.000000 0.033333 0.066667 0.100000 0.133333 0.166667 0.200000 0.233333 0.266667 0.300000 0.333333 0.366667 0.400000 0.433333 0.466667 0.500000
0.533333 0.566667 0.600000 0.633333 0.666667 0.700000</float_array>
        <technique_common>
          <accessor source="#mixamorig_Spine1-Matrix-animation-input-array" count="22">
            <param name="TIME" type="float"/>
          </accessor>
        </technique_common>
      </source>
      <source id="mixamorig_Spine1-Matrix-animation-output-transform">
        <float_array id="mixamorig_Spine1-Matrix-animation-output-transform-array" count="352">

0.999644 -0.024899 -0.009596 0.000000 0.023269 0.989420 -0.143203 14.289700 0.013060 0.142928 0.989647 0.000000 0.000000 0.000000 0.000000 1.000000
0.999589 0.011479 0.026272 -0.000000 -0.008445 0.993579 -0.112825 14.289700 -0.027398 0.112557 0.993268 -0.000000 0.000000 0.000000 0.000000 1.000000
0.995751 0.055461 0.073512 0.000000 -0.048818 0.994810 -0.089272 14.289700 -0.078082 0.085304 0.993291 0.000000 0.000000 0.000000 0.000000 1.000000
0.988886 0.095649 0.113828 0.000000 -0.088151 0.993702 -0.069185 14.289700 -0.119728 0.058382 0.991089 -0.000000 0.000000 0.000000 0.000000 1.000000
0.983787 0.118125 0.134941 0.000000 -0.111453 0.992191 -0.055996 14.289700 -0.140502 0.040048 0.989270 0.000000 0.000000 0.000000 0.000000 1.000000
0.983887 0.114812 0.137056 0.000000 -0.107600 0.992446 -0.058939 14.289700 -0.142787 0.043242 0.988808 0.000000 0.000000 0.000000 0.000000 1.000000
0.987819 0.093935 0.124058 0.000000 -0.084343 0.993185 -0.080436 14.289700 -0.130769 0.068993 0.989009 0.000000 0.000000 0.000000 0.000000 1.000000
0.992353 0.078007 0.095662 0.000000 -0.067487 0.991786 -0.108660 14.289700 -0.103353 0.101373 0.989465 0.000000 0.000000 0.000000 0.000000 1.000000
0.995101 0.081105 0.056534 0.000000 -0.073352 0.989080 -0.127830 14.289700 -0.066285 0.123057 0.990183 0.000000 0.000000 0.000000 0.000000 1.000000
0.995296 0.094052 0.023245 0.000000 -0.090176 0.987057 -0.132613 14.289700 -0.035417 0.129894 0.990895 -0.000000 0.000000 0.000000 0.000000 1.000000
0.995476 0.094865 0.005243 0.000000 -0.093464 0.987701 -0.125344 14.289700 -0.017069 0.124287 0.992099 0.000000 0.000000 0.000000 0.000000 1.000000
0.997512 0.069827 -0.009694 0.000000 -0.070479 0.990829 -0.115283 14.289700 0.001555 0.115680 0.993285 -0.000000 0.000000 0.000000 0.000000 1.000000
0.999084 0.024113 -0.035344 0.000000 -0.027984 0.993145 -0.113487 14.289700 0.032365 0.114372 0.992911 0.000000 0.000000 0.000000 0.000000 1.000000
0.997538 -0.022925 -0.066271 -0.000000 0.015038 0.993001 -0.117143 14.289700 0.068493 0.115858 0.990901 0.000000 0.000000 0.000000 0.000000 1.000000
0.994606 -0.053672 -0.088762 0.000000 0.042963 0.992031 -0.118446 14.289700 0.094411 0.113994 0.988985 -0.000000 0.000000 0.000000 0.000000 1.000000
0.993301 -0.060144 -0.098674 0.000000 0.047773 0.991224 -0.123261 14.289700 0.105221 0.117722 0.987456 0.000000 0.000000 0.000000 0.000000 1.000000
0.994054 -0.046158 -0.098618 0.000000 0.031900 0.989416 -0.141554 14.289700 0.104108 0.137567 0.985006 -0.000000 0.000000 0.000000 0.000000 1.000000
0.995859 -0.029589 -0.085960 0.000000 0.014850 0.985796 -0.167289 14.289700 0.089689 0.165320 0.982153 0.000000 0.000000 0.000000 0.000000 1.000000
0.997960 -0.026501 -0.058090 -0.000000 0.015457 0.983007 -0.182914 14.289700 0.061950 0.181643 0.981411 -0.000000 0.000000 0.000000 0.000000 1.000000
0.999065 -0.032714 -0.028265 0.000000 0.027057 0.983037 -0.181402 14.289700 0.033720 0.180467 0.983003 0.000000 0.000000 0.000000 0.000000 1.000000
0.999333 -0.034211 -0.012782 0.000000 0.031584 0.985310 -0.167831 14.289700 0.018336 0.167315 0.985733 0.000000 0.000000 0.000000 0.000000 1.000000
0.999644 -0.024899 -0.009596 -0.000000 0.023269 0.989420 -0.143203 14.289700 0.013060 0.142928 0.989647 0.000000 0.000000 0.000000 0.000000 1.000000</float_array>
        <technique_common>
          <accessor source="#mixamorig_Spine1-Matrix-animation-output-transform-array" count="22" stride="16">
            <param type="float4x4"/>
          </accessor>
        </technique_common>
      </source>
      <source id="mixamorig_Spine1-Interpolations">
        <Name_array id="mixamorig_Spine1-Interpolations-array" count="22">
 LINEAR LINEAR LINEAR LINEAR LINEAR LINEAR LINEAR LINEAR LINEAR LINEAR LINEAR
LINEAR LINEAR LINEAR LINEAR LINEAR LINEAR LINEAR LINEAR LINEAR LINEAR LINEAR</Name_array>
        <technique_common>
          <accessor source="#mixamorig_Spine1-Interpolations-array" count="22">
            <param type="name"/>
          </accessor>
        </technique_common>
      </source>
      <sampler id="mixamorig_Spine1-Matrix-animation-transform">
        <input semantic="INPUT" source="#mixamorig_Spine1-Matrix-animation-input"/>
        <input semantic="OUTPUT" source="#mixamorig_Spine1-Matrix-animation-output-transform"/>
        <input semantic="INTERPOLATION" source="#mixamorig_Spine1-Interpolations"/>
      </sampler>
      <channel source="#mixamorig_Spine1-Matrix-animation-transform" target="mixamorig_Spine1/matrix"/>
    </animation>
    <animation id="mixamorig_Spine2-anim" name="mixamorig_Spine2">
      <source id="mixamorig_Spine2-Matrix-animation-input">
        <float_array id="mixamorig_Spine2-Matrix-animation-input-array" count="22">

0.000000 0.033333 0.066667 0.100000 0.133333 0.166667 0.200000 0.233333 0.266667 0.300000 0.333333 0.366667 0.400000 0.433333 0.466667 0.500000
0.533333 0.566667 0.600000 0.633333 0.666667 0.700000</float_array>
        <technique_common>
          <accessor source="#mixamorig_Spine2-Matrix-animation-input-array" count="22">
            <param name="TIME" type="float"/>
          </accessor>
        </technique_common>
      </source>
      <source id="mixamorig_Spine2-Matrix-animation-output-transform">
        <float_array id="mixamorig_Spine2-Matrix-animation-output-transform-array" count="352">

0.994735 -0.101902 -0.010878 -0.000000 0.100500 0.990765 -0.091018 16.330999 0.020052 0.089446 0.995790 0.000000 0.000000 0.000000 0.000000 1.000000
0.997275 -0.069003 0.026115 -0.000000 0.070437 0.995790 -0.058663 16.330999 -0.021957 0.060342 0.997936 0.000000 0.000000 0.000000 0.000000 1.000000
0.996797 -0.028462 0.074741 0.000000 0.031039 0.998955 -0.033544 16.330999 -0.073709 0.035757 0.996639 0.000000 0.000000 0.000000 0.000000 1.000000
0.993142 0.009595 0.116522 0.000000 -0.008180 0.999887 -0.012614 16.330999 -0.116630 0.011574 0.993108 -0.000000 0.000000 0.000000 0.000000 1.000000
0.989823 0.031306 0.138817 0.000000 -0.031714 0.999497 0.000734 16.330999 -0.138725 -0.005129 0.990318 0.000000 0.000000 0.000000 0.000000 1.000000
0.989568 0.027614 0.141395 0.000000 -0.027614 0.999617 -0.001960 16.330999 -0.141395 -0.001965 0.989951 0.000000 0.000000 0.000000 0.000000 1.000000
0.991696 0.006429 0.128440 0.000000 -0.003503 0.999730 -0.022989 16.330999 -0.128553 0.022348 0.991451 0.000000 0.000000 0.000000 0.000000 1.000000
0.994898 -0.008499 0.100530 0.000000 0.013747 0.998572 -0.051629 16.330999 -0.099947 0.052748 0.993594 0.000000 0.000000 0.000000 0.000000 1.000000
0.998044 -0.002450 0.062468 0.000000 0.006956 0.997379 -0.072018 16.330999 -0.062128 0.072312 0.995445 0.000000 0.000000 0.000000 0.000000 1.000000
0.999466 0.013461 0.029791 -0.000000 -0.011108 0.996908 -0.077784 16.330999 -0.030746 0.077412 0.996525 0.000000 0.000000 0.000000 0.000000 1.000000
0.999816 0.015898 0.010768 0.000000 -0.015094 0.997360 -0.071031 16.330999 -0.011869 0.070856 0.997416 -0.000000 0.000000 0.000000 0.000000 1.000000
0.999950 -0.007917 -0.006155 -0.000000 0.007522 0.998068 -0.061681 16.330999 0.006632 0.061631 0.998077 0.000000 0.000000 0.000000 0.000000 1.000000
0.998090 -0.051705 -0.033797 0.000000 0.049553 0.996865 -0.061677 16.330999 0.036880 0.059884 0.997524 0.000000 0.000000 0.000000 0.000000 1.000000
0.993106 -0.096189 -0.066995 0.000000 0.091648 0.993478 -0.067843 16.330999 0.073083 0.061236 0.995444 -0.000000 0.000000 0.000000 0.000000 1.000000
0.987943 -0.124839 -0.091558 0.000000 0.118558 0.990396 -0.071128 16.330999 0.099558 0.059415 0.993256 -0.000000 0.000000 0.000000 0.000000 1.000000
0.986237 -0.129955 -0.102213 0.000000 0.122446 0.989514 -0.076615 16.330999 0.111098 0.063045 0.991808 0.000000 0.000000 0.000000 0.000000 1.000000
0.988199 -0.114846 -0.101355 0.000000 0.105391 0.989962 -0.094174 16.330999 0.111153 0.082381 0.990383 -0.000000 0.000000 0.000000 0.000000 1.000000
0.991336 -0.098128 -0.087318 0.000000 0.087455 0.989079 -0.118634 16.330999 0.098005 0.109970 0.989091 0.000000 0.000000 0.000000 0.000000 1.000000
0.993507 -0.097308 -0.058948 0.000000 0.088790 0.987126 -0.133036 16.330999 0.071135 0.126938 0.989357 0.000000 0.000000 0.000000 0.000000 1.000000
0.993832 -0.106857 -0.029647 -0.000000 0.102145 0.986186 -0.130395 16.330999 0.043171 0.126562 0.991019 0.000000 0.000000 0.000000 0.000000 1.000000
0.993786 -0.110370 -0.014420 0.000000 0.107971 0.987355 -0.116074 16.330999 0.027049 0.113796 0.993136 0.000000 0.000000 0.000000 0.000000 1.000000
0.994735 -0.101902 -0.010878 -0.000000 0.100500 0.990765 -0.091018 16.330999 0.020052 0.089446 0.995790 0.000000 0.000000 0.000000 0.000000 1.000000</float_array>
        <technique_common>
          <accessor source="#mixamorig_Spine2-Matrix-animation-output-transform-array" count="22" stride="16">
            <param type="float4x4"/>
          </accessor>
        </technique_common>
      </source>
      <source id="mixamorig_Spine2-Interpolations">
        <Name_array id="mixamorig_Spine2-Interpolations-array" count="22">
 LINEAR LINEAR LINEAR LINEAR LINEAR LINEAR LINEAR LINEAR LINEAR LINEAR LINEAR
LINEAR LINEAR LINEAR LINEAR LINEAR LINEAR LINEAR LINEAR LINEAR LINEAR LINEAR</Name_array>
        <technique_common>
          <accessor source="#mixamorig_Spine2-Interpolations-array" count="22">
            <param type="name"/>
          </accessor>
        </technique_common>
      </source>
      <sampler id="mixamorig_Spine2-Matrix-animation-transform">
        <input semantic="INPUT" source="#mixamorig_Spine2-Matrix-animation-input"/>
        <input semantic="OUTPUT" source="#mixamorig_Spine2-Matrix-animation-output-transform"/>
        <input semantic="INTERPOLATION" source="#mixamorig_Spine2-Interpolations"/>
      </sampler>
      <channel source="#mixamorig_Spine2-Matrix-animation-transform" target="mixamorig_Spine2/matrix"/>
    </animation>
    <animation id="mixamorig_Neck-anim" name="mixamorig_Neck">
      <source id="mixamorig_Neck-Matrix-animation-input">
        <float_array id="mixamorig_Neck-Matrix-animation-input-array" count="22">

0.000000 0.033333 0.066667 0.100000 0.133333 0.166667 0.200000 0.233333 0.266667 0.300000 0.333333 0.366667 0.400000 0.433333 0.466667 0.500000
0.533333 0.566667 0.600000 0.633333 0.666667 0.700000</float_array>
        <technique_common>
          <accessor source="#mixamorig_Neck-Matrix-animation-input-array" count="22">
            <param name="TIME" type="float"/>
          </accessor>
        </technique_common>
      </source>
      <source id="mixamorig_Neck-Matrix-animation-output-transform">
        <float_array id="mixamorig_Neck-Matrix-animation-output-transform-array" count="352">

0.997424 0.065662 0.028866 0.000000 -0.070994 0.961122 0.266840 18.372499 -0.010223 -0.268202 0.963308 0.000000 0.000000 0.000000 0.000000 1.000000
0.998566 0.052852 0.008560 0.000000 -0.053534 0.983050 0.175348 18.372499 0.000853 -0.175555 0.984469 0.000000 0.000000 0.000000 0.000000 1.000000
0.999261 0.035803 -0.014010 0.000000 -0.033824 0.991904 0.122405 18.372499 0.018279 -0.121840 0.992381 -0.000000 0.000000 0.000000 0.000000 1.000000
0.999124 0.021194 -0.036077 0.000000 -0.017056 0.993633 0.111366 18.372499 0.038208 -0.110653 0.993124 -0.000000 0.000000 0.000000 0.000000 1.000000
0.998531 0.020907 -0.049982 0.000000 -0.015911 0.995024 0.098354 18.372499 0.051790 -0.097414 0.993896 -0.000000 0.000000 0.000000 0.000000 1.000000
0.998134 0.029883 -0.053257 -0.000000 -0.024359 0.994535 0.101523 18.372499 0.056000 -0.100036 0.993407 0.000000 0.000000 0.000000 0.000000 1.000000
0.998221 0.038777 -0.045296 0.000000 -0.028545 0.977725 0.207939 18.372499 0.052350 -0.206276 0.977092 0.000000 0.000000 0.000000 0.000000 1.000000
0.998739 0.033732 -0.037183 -0.000000 -0.025275 0.977772 0.208144 18.372499 0.043377 -0.206941 0.977391 -0.000000 0.000000 0.000000 0.000000 1.000000
0.999235 0.002645 -0.039006 0.000000 0.005380 0.978917 0.204188 18.372499 0.038724 -0.204242 0.978154 0.000000 0.000000 0.000000 0.000000 1.000000
0.998967 -0.022388 -0.039550 0.000000 0.029462 0.981638 0.188464 18.372499 0.034604 -0.189435 0.981283 0.000000 0.000000 0.000000 0.000000 1.000000
0.999262 -0.019396 -0.033143 -0.000000 0.023487 0.991511 0.127887 18.372499 0.030381 -0.128571 0.991235 0.000000 0.000000 0.000000 0.000000 1.000000
0.999730 0.011849 -0.019981 0.000000 -0.010294 0.997038 0.076216 18.372499 0.020825 -0.075990 0.996891 0.000000 0.000000 0.000000 0.000000 1.000000
0.999072 0.042907 -0.003827 0.000000 -0.042723 0.998310 0.039403 18.372499 0.005511 -0.039203 0.999216 0.000000 0.000000 0.000000 0.000000 1.000000
0.999365 0.035203 0.005553 0.000000 -0.035348 0.998965 0.028640 18.372499 -0.004539 -0.028818 0.999574 0.000000 0.000000 0.000000 0.000000 1.000000
0.999734 0.016428 0.016176 0.000000 -0.016905 0.999413 0.029809 18.372499 -0.015677 -0.030075 0.999425 -0.000000 0.000000 0.000000 0.000000 1.000000
0.998622 0.037136 0.037094 0.000000 -0.040411 0.994953 0.091844 18.372499 -0.033496 -0.093216 0.995082 -0.000000 0.000000 0.000000 0.000000 1.000000
0.997158 0.052990 0.053550 0.000000 -0.062127 0.980459 0.186658 18.372499 -0.042613 -0.189455 0.980964 0.000000 0.000000 0.000000 0.000000 1.000000
0.997331 0.051611 0.051639 0.000000 -0.063425 0.962795 0.262683 18.372499 -0.036160 -0.265257 0.963499 -0.000000 0.000000 0.000000 0.000000 1.000000
0.997828 0.049556 0.043393 0.000000 -0.060687 0.947769 0.313130 18.372499 -0.025609 -0.315083 0.948719 0.000000 0.000000 0.000000 0.000000 1.000000
0.997608 0.055271 0.041518 0.000000 -0.066056 0.939242 0.336839 18.372499 -0.020378 -0.338776 0.940646 -0.000000 0.000000 0.000000 0.000000 1.000000
0.997149 0.066203 0.036220 0.000000 -0.074446 0.941518 0.328636 18.372499 -0.012345 -0.330395 0.943762 0.000000 0.000000 0.000000 0.000000 1.000000
0.997424 0.065661 0.028866 0.000000 -0.070994 0.961122 0.266841 18.372499 -0.010223 -0.268203 0.963308 0.000000 0.000000 0.000000 0.000000 1.000000</float_array>
        <technique_common>
          <accessor source="#mixamorig_Neck-Matrix-animation-output-transform-array" count="22" stride="16">
            <param type="float4x4"/>
          </accessor>
        </technique_common>
      </source>
      <source id="mixamorig_Neck-Interpolations">
        <Name_array id="mixamorig_Neck-Interpolations-array" count="22">
 LINEAR LINEAR LINEAR LINEAR LINEAR LINEAR LINEAR LINEAR LINEAR LINEAR LINEAR
LINEAR LINEAR LINEAR LINEAR LINEAR LINEAR LINEAR LINEAR LINEAR LINEAR LINEAR</Name_array>
        <technique_common>
          <accessor source="#mixamorig_Neck-Interpolations-array" count="22">
            <param type="name"/>
          </accessor>
        </technique_common>
      </source>
      <sampler id="mixamorig_Neck-Matrix-animation-transform">
        <input semantic="INPUT" source="#mixamorig_Neck-Matrix-animation-input"/>
        <input semantic="OUTPUT" source="#mixamorig_Neck-Matrix-animation-output-transform"/>
        <input semantic="INTERPOLATION" source="#mixamorig_Neck-Interpolations"/>
      </sampler>
      <channel source="#mixamorig_Neck-Matrix-animation-transform" target="mixamorig_Neck/matrix"/>
    </animation>
    <animation id="mixamorig_Head-anim" name="mixamorig_Head">
      <source id="mixamorig_Head-Matrix-animation-input">
        <float_array id="mixamorig_Head-Matrix-animation-input-array" count="22">

0.000000 0.033333 0.066667 0.100000 0.133333 0.166667 0.200000 0.233333 0.266667 0.300000 0.333333 0.366667 0.400000 0.433333 0.466667 0.500000
0.533333 0.566667 0.600000 0.633333 0.666667 0.700000</float_array>
        <technique_common>
          <accessor source="#mixamorig_Head-Matrix-animation-input-array" count="22">
            <param name="TIME" type="float"/>
          </accessor>
        </technique_common>
      </source>
      <source id="mixamorig_Head-Matrix-animation-output-transform">
        <float_array id="mixamorig_Head-Matrix-animation-output-transform-array" count="352">

0.997818 -0.032222 0.057627 0.000000 0.013613 0.954475 0.297980 17.907801 -0.064605 -0.296545 0.952831 1.542600 0.000000 0.000000 0.000000 1.000000
0.999556 -0.029350 0.005178 -0.000000 0.025454 0.931073 0.363943 17.907801 -0.015503 -0.363650 0.931407 1.542600 0.000000 0.000000 0.000000 1.000000
0.996218 -0.028070 -0.082226 -0.000000 0.057296 0.923678 0.378862 17.907801 0.065315 -0.382141 0.921793 1.542600 0.000000 0.000000 0.000000 1.000000
0.983298 -0.019731 -0.180930 -0.000000 0.083833 0.931472 0.354023 17.907801 0.161546 -0.363278 0.917569 1.542600 0.000000 0.000000 0.000000 1.000000
0.965305 -0.003055 -0.261109 0.000000 0.096871 0.932769 0.347214 17.907801 0.242494 -0.360461 0.900702 1.542600 0.000000 0.000000 0.000000 1.000000
0.955128 0.020060 -0.295515 0.000000 0.090847 0.929776 0.356739 17.907801 0.281919 -0.367578 0.886233 1.542600 0.000000 0.000000 0.000000 1.000000
0.959037 0.039404 -0.280527 0.000000 0.047200 0.954208 0.295395 17.907801 0.279321 -0.296536 0.913261 1.542600 0.000000 0.000000 0.000000 1.000000
0.970100 0.042309 -0.238990 0.000000 0.039181 0.944473 0.326244 17.907801 0.239522 -0.325853 0.914576 1.542600 0.000000 0.000000 0.000000 1.000000
0.980989 0.048544 -0.187896 -0.000000 0.018839 0.939816 0.341161 17.907801 0.193149 -0.338215 0.921034 1.542600 0.000000 0.000000 0.000000 1.000000
0.985270 0.052499 -0.162747 0.000000 0.006149 0.940217 0.340520 17.907801 0.170894 -0.336505 0.926045 1.542600 0.000000 0.000000 0.000000 1.000000
0.986972 0.048562 -0.153389 0.000000 0.010938 0.930904 0.365100 17.907801 0.160521 -0.362021 0.918245 1.542600 0.000000 0.000000 0.000000 1.000000
0.991615 0.044100 -0.121474 0.000000 0.006549 0.921615 0.388051 17.907801 0.129065 -0.385592 0.913598 1.542600 0.000000 0.000000 0.000000 1.000000
0.997736 0.056462 -0.036534 -0.000000 -0.035859 0.906234 0.421254 17.907801 0.056893 -0.418990 0.906207 1.542600 0.000000 0.000000 0.000000 1.000000
0.991890 0.085636 0.093921 0.000000 -0.118781 0.887511 0.445213 17.907801 -0.045230 -0.452759 0.890485 1.542600 0.000000 0.000000 0.000000 1.000000
0.975050 0.092333 0.201872 0.000000 -0.176409 0.874314 0.452167 17.907801 -0.134750 -0.476497 0.868788 1.542600 0.000000 0.000000 0.000000 1.000000
0.971846 0.050459 0.230149 0.000000 -0.145268 0.897373 0.416676 17.907801 -0.185504 -0.438378 0.879439 1.542600 0.000000 0.000000 0.000000 1.000000
0.977977 0.008056 0.208558 0.000000 -0.085039 0.927930 0.362924 17.907801 -0.190603 -0.372667 0.908179 1.542600 0.000000 0.000000 0.000000 1.000000
0.985897 -0.015909 0.166598 0.000000 -0.039698 0.944828 0.325152 17.907801 -0.162579 -0.327180 0.930871 1.542600 0.000000 0.000000 0.000000 1.000000
0.992677 -0.026869 0.117772 0.000000 -0.009844 0.953714 0.300554 17.907801 -0.120397 -0.299513 0.946465 1.542600 0.000000 0.000000 0.000000 1.000000
0.996424 -0.032463 0.078008 0.000000 0.008811 0.958135 0.286182 17.907801 -0.084033 -0.284471 0.954995 1.542600 0.000000 0.000000 0.000000 1.000000
0.997289 -0.040118 0.061688 -0.000000 0.020995 0.958598 0.283988 17.907801 -0.070526 -0.281923 0.956841 1.542600 0.000000 0.000000 0.000000 1.000000
0.997818 -0.032222 0.057627 0.000000 0.013613 0.954475 0.297979 17.907801 -0.064605 -0.296545 0.952831 1.542600 0.000000 0.000000 0.000000 1.000000</float_array>
        <technique_common>
          <accessor source="#mixamorig_Head-Matrix-animation-output-transform-array" count="22" stride="16">
            <param type="float4x4"/>
          </accessor>
        </technique_common>
      </source>
      <source id="mixamorig_Head-Interpolations">
        <Name_array id="mixamorig_Head-Interpolations-array" count="22">
 LINEAR LINEAR LINEAR LINEAR LINEAR LINEAR LINEAR LINEAR LINEAR LINEAR LINEAR
LINEAR LINEAR LINEAR LINEAR LINEAR LINEAR LINEAR LINEAR LINEAR LINEAR LINEAR</Name_array>
        <technique_common>
          <accessor source="#mixamorig_Head-Interpolations-array" count="22">
            <param type="name"/>
          </accessor>
        </technique_common>
      </source>
      <sampler id="mixamorig_Head-Matrix-animation-transform">
        <input semantic="INPUT" source="#mixamorig_Head-Matrix-animation-input"/>
        <input semantic="OUTPUT" source="#mixamorig_Head-Matrix-animation-output-transform"/>
        <input semantic="INTERPOLATION" source="#mixamorig_Head-Interpolations"/>
      </sampler>
      <channel source="#mixamorig_Head-Matrix-animation-transform" target="mixamorig_Head/matrix"/>
    </animation>
    <animation id="mixamorig_HeadTop_End-anim" name="mixamorig_HeadTop_End">
      <source id="mixamorig_HeadTop_End-Matrix-animation-input">
        <float_array id="mixamorig_HeadTop_End-Matrix-animation-input-array" count="22">

0.000000 0.033333 0.066667 0.100000 0.133333 0.166667 0.200000 0.233333 0.266667 0.300000 0.333333 0.366667 0.400000 0.433333 0.466667 0.500000
0.533333 0.566667 0.600000 0.633333 0.666667 0.700000</float_array>
        <technique_common>
          <accessor source="#mixamorig_HeadTop_End-Matrix-animation-input-array" count="22">
            <param name="TIME" type="float"/>
          </accessor>
        </technique_common>
      </source>
      <source id="mixamorig_HeadTop_End-Matrix-animation-output-transform">
        <float_array id="mixamorig_HeadTop_End-Matrix-animation-output-transform-array" count="352">

1.000000 0.000000 0.000000 0.000000 0.000000 1.000000 0.000000 29.625900 0.000000 0.000000 1.000000 2.552100 0.000000 0.000000 0.000000 1.000000
1.000000 -0.000000 0.000000 0.000000 0.000000 1.000000 0.000000 29.625900 0.000000 0.000000 1.000000 2.552100 0.000000 0.000000 0.000000 1.000000
1.000000 0.000000 0.000000 0.000000 0.000000 1.000000 0.000000 29.625900 -0.000000 0.000000 1.000000 2.552100 0.000000 0.000000 0.000000 1.000000
1.000000 0.000000 0.000000 -0.000000 0.000000 1.000000 0.000000 29.625900 0.000000 -0.000000 1.000000 2.552100 0.000000 0.000000 0.000000 1.000000
1.000000 0.000000 0.000000 0.000000 0.000000 1.000000 -0.000000 29.625900 -0.000000 0.000000 1.000000 2.552100 0.000000 0.000000 0.000000 1.000000
1.000000 0.000000 0.000000 0.000000 0.000000 1.000000 0.000000 29.625900 0.000000 0.000000 1.000000 2.552100 0.000000 0.000000 0.000000 1.000000
1.000000 0.000000 -0.000000 0.000000 0.000000 1.000000 -0.000000 29.625900 -0.000000 0.000000 1.000000 2.552100 0.000000 0.000000 0.000000 1.000000
1.000000 0.000000 -0.000000 -0.000000 0.000000 1.000000 0.000000 29.625900 0.000000 0.000000 1.000000 2.552100 0.000000 0.000000 0.000000 1.000000
1.000000 -0.000000 -0.000000 -0.000000 0.000000 1.000000 0.000000 29.625900 -0.000000 0.000000 1.000000 2.552100 0.000000 0.000000 0.000000 1.000000
1.000000 -0.000000 -0.000000 0.000000 -0.000000 1.000000 -0.000000 29.625900 0.000000 -0.000000 1.000000 2.552100 0.000000 0.000000 0.000000 1.000000
1.000000 0.000000 0.000000 -0.000000 0.000000 1.000000 -0.000000 29.625900 0.000000 0.000000 1.000000 2.552100 0.000000 0.000000 0.000000 1.000000
1.000000 -0.000000 0.000000 -0.000000 0.000000 1.000000 -0.000000 29.625900 0.000000 0.000000 1.000000 2.552100 0.000000 0.000000 0.000000 1.000000
