<?xml version="1.0" encoding="utf-8"?>
<COLLADA xmlns="http://www.collada.org/2005/11/COLLADASchema" version="1.4.1">
  <asset>
    <contributor>
      <author>Mixamo</author>
      <authoring_tool>COLLADA Mixamo exporter</authoring_tool>
      <comments/>
    </contributor>
    <created>2024-03-23T03:02:34Z</created>
    <modified>2024-03-23T03:02:34Z</modified>
    <revision/>
    <title/>
    <unit meter="0.010000"/>
    <up_axis>Y_UP</up_axis>
  </asset>
  <library_animations>
    <animation id="Armature-anim" name="Armature">
      <source id="Armature-Matrix-animation-input">
        <float_array id="Armature-Matrix-animation-input-array" count="23">

0.000000 0.033333 0.066667 0.100000 0.133333 0.166667 0.200000 0.233333 0.266667 0.300000 0.333333 0.366667 0.400000 0.433333 0.466667 0.500000
0.533333 0.566667 0.600000 0.633333 0.666667 0.700000 0.733333</float_array>
        <technique_common>
          <accessor source="#Armature-Matrix-animation-input-array" count="23">
            <param name="TIME" type="float"/>
          </accessor>
        </technique_common>
      </source>
      <source id="Armature-Matrix-animation-output-transform">
        <float_array id="Armature-Matrix-animation-output-transform-array" count="368">

1.000000 0.000000 0.000000 0.000000 0.000000 1.000000 0.000000 0.000000 0.000000 0.000000 1.000000 0.000000 0.000000 0.000000 0.000000 1.000000
1.000000 0.000000 0.000000 0.000000 0.000000 1.000000 0.000000 0.000000 0.000000 0.000000 1.000000 0.000000 0.000000 0.000000 0.000000 1.000000
1.000000 0.000000 0.000000 0.000000 0.000000 1.000000 0.000000 0.000000 0.000000 0.000000 1.000000 0.000000 0.000000 0.000000 0.000000 1.000000
1.000000 0.000000 0.000000 0.000000 0.000000 1.000000 0.000000 0.000000 0.000000 0.000000 1.000000 0.000000 0.000000 0.000000 0.000000 1.000000
1.000000 0.000000 0.000000 0.000000 0.000000 1.000000 0.000000 0.000000 0.000000 0.000000 1.000000 0.000000 0.000000 0.000000 0.000000 1.000000
1.000000 0.000000 0.000000 0.000000 0.000000 1.000000 0.000000 0.000000 0.000000 0.000000 1.000000 0.000000 0.000000 0.000000 0.000000 1.000000
1.000000 0.000000 0.000000 0.000000 0.000000 1.000000 0.000000 0.000000 0.000000 0.000000 1.000000 0.000000 0.000000 0.000000 0.000000 1.000000
1.000000 0.000000 0.000000 0.000000 0.000000 1.000000 0.000000 0.000000 0.000000 0.000000 1.000000 0.000000 0.000000 0.000000 0.000000 1.000000
1.000000 0.000000 0.000000 0.000000 0.000000 1.000000 0.000000 0.000000 0.000000 0.000000 1.000000 0.000000 0.000000 0.000000 0.000000 1.000000
1.000000 0.000000 0.000000 0.000000 0.000000 1.000000 0.000000 0.000000 0.000000 0.000000 1.000000 0.000000 0.000000 0.000000 0.000000 1.000000
1.000000 0.000000 0.000000 0.000000 0.000000 1.000000 0.000000 0.000000 0.000000 0.000000 1.000000 0.000000 0.000000 0.000000 0.000000 1.000000
1.000000 0.000000 0.000000 0.000000 0.000000 1.000000 0.000000 0.000000 0.000000 0.000000 1.000000 0.000000 0.000000 0.000000 0.000000 1.000000
1.000000 0.000000 0.000000 0.000000 0.000000 1.000000 0.000000 0.000000 0.000000 0.000000 1.000000 0.000000 0.000000 0.000000 0.000000 1.000000
1.000000 0.000000 0.000000 0.000000 0.000000 1.000000 0.000000 0.000000 0.000000 0.000000 1.000000 0.000000 0.000000 0.000000 0.000000 1.000000
1.000000 0.000000 0.000000 0.000000 0.000000 1.000000 0.000000 0.000000 0.000000 0.000000 1.000000 0.000000 0.000000 0.000000 0.000000 1.000000
1.000000 0.000000 0.000000 0.000000 0.000000 1.000000 0.000000 0.000000 0.000000 0.000000 1.000000 0.000000 0.000000 0.000000 0.000000 1.000000
1.000000 0.000000 0.000000 0.000000 0.000000 1.000000 0.000000 0.000000 0.000000 0.000000 1.000000 0.000000 0.000000 0.000000 0.000000 1.000000
1.000000 0.000000 0.000000 0.000000 0.000000 1.000000 0.000000 0.000000 0.000000 0.000000 1.000000 0.000000 0.000000 0.000000 0.000000 1.000000
1.000000 0.000000 0.000000 0.000000 0.000000 1.000000 0.000000 0.000000 0.000000 0.000000 1.000000 0.000000 0.000000 0.000000 0.000000 1.000000
1.000000 0.000000 0.000000 0.000000 0.000000 1.000000 0.000000 0.000000 0.000000 0.000000 1.000000 0.000000 0.000000 0.000000 0.000000 1.000000
1.000000 0.000000 0.000000 0.000000 0.000000 1.000000 0.000000 0.000000 0.000000 0.000000 1.000000 0.000000 0.000000 0.000000 0.000000 1.000000
1.000000 0.000000 0.000000 0.000000 0.000000 1.000000 0.000000 0.000000 0.000000 0.000000 1.000000 0.000000 0.000000 0.000000 0.000000 1.000000
1.000000 0.000000 0.000000 0.000000 0.000000 1.000000 0.000000 0.000000 0.000000 0.000000 1.000000 0.000000 0.000000 0.000000 0.000000 1.000000</float_array>
        <technique_common>
          <accessor source="#Armature-Matrix-animation-output-transform-array" count="23" stride="16">
            <param type="float4x4"/>
          </accessor>
        </technique_common>
      </source>
      <source id="Armature-Interpolations">
        <Name_array id="Armature-Interpolations-array" count="23">
 LINEAR LINEAR LINEAR LINEAR LINEAR LINEAR LINEAR LINEAR LINEAR LINEAR LINEAR
LINEAR LINEAR LINEAR LINEAR LINEAR LINEAR LINEAR LINEAR LINEAR LINEAR LINEAR LINEAR</Name_array>
        <technique_common>
          <accessor source="#Armature-Interpolations-array" count="23">
            <param type="name"/>
          </accessor>
        </technique_common>
      </source>
      <sampler id="Armature-Matrix-animation-transform">
        <input semantic="INPUT" source="#Armature-Matrix-animation-input"/>
        <input semantic="OUTPUT" source="#Armature-Matrix-animation-output-transform"/>
        <input semantic="INTERPOLATION" source="#Armature-Interpolations"/>
      </sampler>
      <channel source="#Armature-Matrix-animation-transform" target="Armature/matrix"/>
    </animation>
    <animation id="mixamorig_Hips-anim" name="mixamorig_Hips">
      <source id="mixamorig_Hips-Matrix-animation-input">
        <float_array id="mixamorig_Hips-Matrix-animation-input-array" count="23">

0.000000 0.033333 0.066667 0.100000 0.133333 0.166667 0.200000 0.233333 0.266667 0.300000 0.333333 0.366667 0.400000 0.433333 0.466667 0.500000
0.533333 0.566667 0.600000 0.633333 0.666667 0.700000 0.733333</float_array>
        <technique_common>
          <accessor source="#mixamorig_Hips-Matrix-animation-input-array" count="23">
            <param name="TIME" type="float"/>
          </accessor>
        </technique_common>
      </source>
      <source id="mixamorig_Hips-Matrix-animation-output-transform">
        <float_array id="mixamorig_Hips-Matrix-animation-output-transform-array" count="368">

0.996254 -0.063454 -0.058753 0.255534 0.041382 0.946376 -0.320407 88.197174 0.075933 0.316775 0.945456 -1.532565 0.000000 0.000000 0.000000 1.000000
0.996629 -0.067377 -0.046803 0.003891 0.049729 0.949908 -0.308548 91.187050 0.065248 0.305180 0.950057 -2.521775 0.000000 0.000000 0.000000 1.000000
0.994769 -0.099840 -0.021579 -0.329658 0.089238 0.952248 -0.291994 93.389923 0.049701 0.288541 0.956177 -3.701430 0.000000 0.000000 0.000000 1.000000
0.989658 -0.142646 0.015148 -0.893774 0.141387 0.952147 -0.270971 95.195282 0.024230 0.270310 0.962468 -4.670242 0.000000 0.000000 0.000000 1.000000
0.990731 -0.134279 0.020518 -1.370098 0.134505 0.948644 -0.286326 96.853592 0.018984 0.286432 0.957913 -5.363233 0.000000 0.000000 0.000000 1.000000
0.998205 -0.059806 -0.003069 -1.678924 0.056539 0.958077 -0.280876 97.747177 0.019738 0.280199 0.959739 -4.961682 0.000000 0.000000 0.000000 1.000000
0.999832 0.000360 -0.018311 -1.953695 -0.004881 0.968876 -0.247497 97.183952 0.017652 0.247545 0.968715 -4.983953 0.000000 0.000000 0.000000 1.000000
0.999968 -0.003989 -0.006903 -2.412930 0.002371 0.975449 -0.220214 96.063965 0.007612 0.220191 0.975427 -6.056692 0.000000 0.000000 0.000000 1.000000
0.999916 -0.012835 -0.001910 -2.569773 0.012075 0.974230 -0.225231 93.413307 0.004752 0.225189 0.974303 -6.947424 0.000000 0.000000 0.000000 1.000000
0.999695 -0.024647 0.001722 -2.615893 0.024274 0.966839 -0.254232 90.808525 0.004601 0.254196 0.967142 -8.252421 0.000000 0.000000 0.000000 1.000000
0.999163 -0.040834 0.002405 -2.869722 0.039914 0.960405 -0.275733 88.764862 0.008950 0.275598 0.961231 -9.623333 0.000000 0.000000 0.000000 1.000000
0.999152 -0.041140 -0.001735 -2.892390 0.038916 0.957233 -0.286689 88.231781 0.013455 0.286379 0.958022 -9.800055 0.000000 0.000000 0.000000 1.000000
0.999668 -0.017688 -0.018738 -2.520210 0.011593 0.958155 -0.286014 89.479858 0.023013 0.285702 0.958042 -8.594866 0.000000 0.000000 0.000000 1.000000
0.998461 0.044496 -0.033113 -2.040495 -0.052060 0.957777 -0.282760 90.634209 0.019133 0.284048 0.958619 -7.031532 0.000000 0.000000 0.000000 1.000000
0.993395 0.109690 -0.033684 -1.735528 -0.114744 0.948051 -0.296702 91.454155 -0.000611 0.298608 0.954376 -5.963775 0.000000 0.000000 0.000000 1.000000
0.991589 0.124979 -0.033647 -1.587532 -0.129214 0.940906 -0.313048 92.515678 -0.007466 0.314763 0.949141 -4.950611 0.000000 0.000000 0.000000 1.000000
0.995433 0.087695 -0.037709 -1.437550 -0.095067 0.946446 -0.308549 93.605644 0.008631 0.310725 0.950461 -3.805652 0.000000 0.000000 0.000000 1.000000
0.998884 0.036162 -0.030377 -0.872244 -0.043393 0.956606 -0.288135 92.074348 0.018640 0.289132 0.957108 -2.968749 0.000000 0.000000 0.000000 1.000000
0.998877 0.000778 -0.047363 -0.154892 -0.013997 0.960064 -0.279429 89.639206 0.045254 0.279778 0.958998 -2.175523 0.000000 0.000000 0.000000 1.000000
0.997802 -0.026139 -0.060892 0.306371 0.006747 0.954211 -0.299059 86.527809 0.065921 0.297991 0.952290 -2.210764 0.000000 0.000000 0.000000 1.000000
0.997070 -0.034369 -0.068336 0.677575 0.010757 0.947498 -0.319582 85.223923 0.075732 0.317910 0.945091 -2.704596 0.000000 0.000000 0.000000 1.000000
0.996609 -0.049870 -0.065444 0.674019 0.025943 0.945272 -0.325251 85.721863 0.078082 0.322450 0.943360 -2.598717 0.000000 0.000000 0.000000 1.000000
0.996254 -0.063454 -0.058753 0.256582 0.041382 0.946376 -0.320407 88.197182 0.075933 0.316775 0.945456 -1.532563 0.000000 0.000000 0.000000 1.000000</float_array>
        <technique_common>
          <accessor source="#mixamorig_Hips-Matrix-animation-output-transform-array" count="23" stride="16">
            <param type="float4x4"/>
          </accessor>
        </technique_common>
      </source>
      <source id="mixamorig_Hips-Interpolations">
        <Name_array id="mixamorig_Hips-Interpolations-array" count="23">
 LINEAR LINEAR LINEAR LINEAR LINEAR LINEAR LINEAR LINEAR LINEAR LINEAR LINEAR
LINEAR LINEAR LINEAR LINEAR LINEAR LINEAR LINEAR LINEAR LINEAR LINEAR LINEAR LINEAR</Name_array>
        <technique_common>
          <accessor source="#mixamorig_Hips-Interpolations-array" count="23">
            <param type="name"/>
          </accessor>
        </technique_common>
      </source>
      <sampler id="mixamorig_Hips-Matrix-animation-transform">
        <input semantic="INPUT" source="#mixamorig_Hips-Matrix-animation-input"/>
        <input semantic="OUTPUT" source="#mixamorig_Hips-Matrix-animation-output-transform"/>
        <input semantic="INTERPOLATION" source="#mixamorig_Hips-Interpolations"/>
      </sampler>
      <channel source="#mixamorig_Hips-Matrix-animation-transform" target="mixamorig_Hips/matrix"/>
    </animation>
    <animation id="mixamorig_Spine-anim" name="mixamorig_Spine">
      <source id="mixamorig_Spine-Matrix-animation-input">
        <float_array id="mixamorig_Spine-Matrix-animation-input-array" count="23">

0.000000 0.033333 0.066667 0.100000 0.133333 0.166667 0.200000 0.233333 0.266667 0.300000 0.333333 0.366667 0.400000 0.433333 0.466667 0.500000
0.533333 0.566667 0.600000 0.633333 0.666667 0.700000 0.733333</float_array>
        <technique_common>
          <accessor source="#mixamorig_Spine-Matrix-animation-input-array" count="23">
            <param name="TIME" type="float"/>
          </accessor>
        </technique_common>
      </source>
      <source id="mixamorig_Spine-Matrix-animation-output-transform">
        <float_array id="mixamorig_Spine-Matrix-animation-output-transform-array" count="368">

0.998183 0.003464 0.060151 0.000000 0.002038 0.995833 -0.091178 12.246100 -0.060216 0.091135 0.994016 0.234600 0.000000 0.000000 0.000000 1.000000
0.995720 0.011923 0.091646 0.000000 -0.003934 0.996212 -0.086864 12.246100 -0.092335 0.086131 0.991996 0.234600 0.000000 0.000000 0.000000 1.000000
0.993326 0.051519 0.103197 0.000000 -0.041904 0.994759 -0.093267 12.246100 -0.107461 0.088320 0.990279 0.234600 0.000000 0.000000 0.000000 1.000000
0.988393 0.108820 0.106009 0.000000 -0.097632 0.989609 -0.105555 12.246100 -0.116394 0.093979 0.988747 0.234600 0.000000 0.000000 0.000000 1.000000
0.985764 0.120908 0.116840 -0.000000 -0.110183 0.989430 -0.094278 12.246100 -0.127004 0.080062 0.988666 0.234600 0.000000 0.000000 0.000000 1.000000
0.988655 0.063834 0.135963 0.000000 -0.052606 0.995023 -0.084632 12.246100 -0.140689 0.076519 0.987092 0.234600 0.000000 0.000000 0.000000 1.000000
0.990354 0.020506 0.137036 -0.000000 -0.007546 0.995503 -0.094434 12.246100 -0.138357 0.092489 0.986054 0.234600 0.000000 0.000000 0.000000 1.000000
0.994303 0.041011 0.098382 0.000000 -0.029487 0.992828 -0.115854 12.246100 -0.102427 0.112294 0.988382 0.234600 0.000000 0.000000 0.000000 1.000000
0.996326 0.058214 0.062815 -0.000000 -0.050953 0.992450 -0.111568 12.246100 -0.068835 0.107957 0.991770 0.234600 0.000000 0.000000 0.000000 1.000000
0.996435 0.075426 0.037792 0.000000 -0.071070 0.991854 -0.105713 12.246100 -0.045457 0.102651 0.993678 0.234600 0.000000 0.000000 0.000000 1.000000
0.995021 0.098240 0.016775 0.000000 -0.095882 0.989540 -0.107784 12.246100 -0.027188 0.105639 0.994033 0.234600 0.000000 0.000000 0.000000 1.000000
0.994946 0.099589 -0.012847 0.000000 -0.100373 0.990018 -0.098944 12.246100 0.002865 0.099734 0.995010 0.234600 0.000000 0.000000 0.000000 1.000000
0.996696 0.068808 -0.043161 0.000000 -0.072358 0.993582 -0.086940 12.246100 0.036901 0.089776 0.995278 0.234600 0.000000 0.000000 0.000000 1.000000
0.997331 -0.009149 -0.072436 0.000000 0.003263 0.996711 -0.080968 12.246100 0.072939 0.080515 0.994081 0.234600 0.000000 0.000000 0.000000 1.000000
0.990190 -0.091571 -0.105543 0.000000 0.083505 0.993413 -0.078466 12.246100 0.112033 0.068883 0.991314 0.234600 0.000000 0.000000 0.000000 1.000000
0.984890 -0.121487 -0.123420 -0.000000 0.111952 0.990368 -0.081478 12.246100 0.132129 0.066430 0.989004 0.234600 0.000000 0.000000 0.000000 1.000000
0.989044 -0.095529 -0.112540 0.000000 0.085944 0.992481 -0.087146 12.246100 0.120019 0.076519 0.989818 0.234600 0.000000 0.000000 0.000000 1.000000
0.991998 -0.066715 -0.107187 0.000000 0.056924 0.994136 -0.091946 12.246100 0.112693 0.085109 0.989978 0.234600 0.000000 0.000000 0.000000 1.000000
0.995031 -0.060796 -0.078847 0.000000 0.053192 0.994037 -0.095186 12.246100 0.084164 0.090519 0.992332 0.234600 0.000000 0.000000 0.000000 1.000000
0.997763 -0.047585 -0.046965 0.000000 0.043258 0.995075 -0.089192 12.246100 0.050978 0.086961 0.994907 0.234600 0.000000 0.000000 0.000000 1.000000
0.998877 -0.044348 -0.016663 0.000000 0.042634 0.994843 -0.092034 12.246100 0.020659 0.091220 0.995616 0.234600 0.000000 0.000000 0.000000 1.000000
0.999597 -0.022873 0.016810 0.000000 0.024344 0.995342 -0.093285 12.246100 -0.014598 0.093657 0.995498 0.234600 0.000000 0.000000 0.000000 1.000000
0.998183 0.003464 0.060151 0.000000 0.002038 0.995833 -0.091178 12.246100 -0.060216 0.091135 0.994016 0.234600 0.000000 0.000000 0.000000 1.000000</float_array>
        <technique_common>
          <accessor source="#mixamorig_Spine-Matrix-animation-output-transform-array" count="23" stride="16">
            <param type="float4x4"/>
          </accessor>
        </technique_common>
      </source>
      <source id="mixamorig_Spine-Interpolations">
        <Name_array id="mixamorig_Spine-Interpolations-array" count="23">
 LINEAR LINEAR LINEAR LINEAR LINEAR LINEAR LINEAR LINEAR LINEAR LINEAR LINEAR
LINEAR LINEAR LINEAR LINEAR LINEAR LINEAR LINEAR LINEAR LINEAR LINEAR LINEAR LINEAR</Name_array>
        <technique_common>
          <accessor source="#mixamorig_Spine-Interpolations-array" count="23">
            <param type="name"/>
          </accessor>
        </technique_common>
      </source>
      <sampler id="mixamorig_Spine-Matrix-animation-transform">
        <input semantic="INPUT" source="#mixamorig_Spine-Matrix-animation-input"/>
        <input semantic="OUTPUT" source="#mixamorig_Spine-Matrix-animation-output-transform"/>
        <input semantic="INTERPOLATION" source="#mixamorig_Spine-Interpolations"/>
      </sampler>
      <channel source="#mixamorig_Spine-Matrix-animation-transform" target="mixamorig_Spine/matrix"/>
    </animation>
    <animation id="mixamorig_Spine1-anim" name="mixamorig_Spine1">
      <source id="mixamorig_Spine1-Matrix-animation-input">
        <float_array id="mixamorig_Spine1-Matrix-animation-input-array" count="23">

0.000000 0.033333 0.066667 0.100000 0.133333 0.166667 0.200000 0.233333 0.266667 0.300000 0.333333 0.366667 0.400000 0.433333 0.466667 0.500000
0.533333 0.566667 0.600000 0.633333 0.666667 0.700000 0.733333</float_array>
        <technique_common>
          <accessor source="#mixamorig_Spine1-Matrix-animation-input-array" count="23">
            <param name="TIME" type="float"/>
          </accessor>
        </technique_common>
      </source>
      <source id="mixamorig_Spine1-Matrix-animation-output-transform">
        <float_array id="mixamorig_Spine1-Matrix-animation-output-transform-array" count="368">

0.999027 -0.010990 0.042714 0.000000 0.013277 0.998473 -0.053626 14.289700 -0.042060 0.054141 0.997647 0.000000 0.000000 0.000000 0.000000 1.000000
0.998323 0.001427 0.057865 0.000000 0.001603 0.998632 -0.052273 14.289700 -0.057860 0.052278 0.996955 -0.000000 0.000000 0.000000 0.000000 1.000000
0.997934 0.009816 0.063490 0.000000 -0.006306 0.998452 -0.055260 14.289700 -0.063935 0.054746 0.996451 0.000000 0.000000 0.000000 0.000000 1.000000
0.997926 0.018302 0.061708 -0.000000 -0.014550 0.998049 -0.060709 14.289700 -0.062699 0.059685 0.996246 0.000000 0.000000 0.000000 0.000000 1.000000
0.997942 0.023134 0.059809 0.000000 -0.020066 0.998477 -0.051383 14.289700 -0.060907 0.050077 0.996886 0.000000 0.000000 0.000000 0.000000 1.000000
0.997850 0.019512 0.062570 0.000000 -0.016797 0.998906 -0.043634 14.289700 -0.063353 0.042489 0.997086 0.000000 0.000000 0.000000 0.000000 1.000000
0.997935 0.015602 0.062303 0.000000 -0.012409 0.998606 -0.051310 14.289700 -0.063017 0.050431 0.996737 0.000000 0.000000 0.000000 0.000000 1.000000
0.998365 0.018666 0.054027 -0.000000 -0.015041 0.997657 -0.066735 14.289700 -0.055147 0.065813 0.996307 0.000000 0.000000 0.000000 0.000000 1.000000
0.998880 0.023926 0.040821 0.000000 -0.021254 0.997680 -0.064674 14.289700 -0.042273 0.063734 0.997071 0.000000 0.000000 0.000000 0.000000 1.000000
0.999131 0.029382 0.029563 0.000000 -0.027534 0.997753 -0.061089 14.289700 -0.031292 0.060222 0.997694 0.000000 0.000000 0.000000 0.000000 1.000000
0.999305 0.031027 0.020638 0.000000 -0.029661 0.997540 -0.063514 14.289700 -0.022558 0.062858 0.997768 0.000000 0.000000 0.000000 0.000000 1.000000
0.999699 0.023004 0.008539 0.000000 -0.022457 0.997980 -0.059423 14.289700 -0.009889 0.059213 0.998196 0.000000 0.000000 0.000000 0.000000 1.000000
0.999965 0.006306 -0.005407 0.000000 -0.006581 0.998609 -0.052310 14.289700 0.005069 0.052343 0.998616 0.000000 0.000000 0.000000 0.000000 1.000000
0.999722 -0.016606 -0.016722 0.000000 0.015778 0.998699 -0.048492 14.289700 0.017505 0.048215 0.998684 0.000000 0.000000 0.000000 0.000000 1.000000
0.999043 -0.034778 -0.026533 -0.000000 0.033543 0.998394 -0.045659 14.289700 0.028079 0.044725 0.998605 0.000000 0.000000 0.000000 0.000000 1.000000
0.998514 -0.041046 -0.035843 0.000000 0.039415 0.998205 -0.045086 14.289700 0.037629 0.043606 0.998340 0.000000 0.000000 0.000000 0.000000 1.000000
0.998636 -0.036702 -0.037139 0.000000 0.034856 0.998181 -0.049184 14.289700 0.038876 0.047823 0.998099 -0.000000 0.000000 0.000000 0.000000 1.000000
0.999158 -0.029579 -0.028437 0.000000 0.028073 0.998254 -0.051973 14.289700 0.029925 0.051131 0.998244 0.000000 0.000000 0.000000 0.000000 1.000000
0.999475 -0.028877 -0.014722 0.000000 0.028067 0.998224 -0.052546 14.289700 0.016214 0.052105 0.998510 0.000000 0.000000 0.000000 0.000000 1.000000
0.999390 -0.034916 0.000128 0.000000 0.034880 0.998188 -0.049041 14.289700 0.001584 0.049015 0.998797 0.000000 0.000000 0.000000 0.000000 1.000000
0.999194 -0.039113 0.009033 0.000000 0.039526 0.997904 -0.051238 14.289700 -0.007010 0.051554 0.998646 -0.000000 0.000000 0.000000 0.000000 1.000000
0.999328 -0.029447 0.021805 0.000000 0.030566 0.998133 -0.052883 14.289700 -0.020207 0.053514 0.998363 0.000000 0.000000 0.000000 0.000000 1.000000
0.999027 -0.010990 0.042714 0.000000 0.013277 0.998473 -0.053626 14.289700 -0.042060 0.054141 0.997647 -0.000000 0.000000 0.000000 0.000000 1.000000</float_array>
        <technique_common>
          <accessor source="#mixamorig_Spine1-Matrix-animation-output-transform-array" count="23" stride="16">
            <param type="float4x4"/>
          </accessor>
        </technique_common>
      </source>
      <source id="mixamorig_Spine1-Interpolations">
        <Name_array id="mixamorig_Spine1-Interpolations-array" count="23">
 LINEAR LINEAR LINEAR LINEAR LINEAR LINEAR LINEAR LINEAR LINEAR LINEAR LINEAR
LINEAR LINEAR LINEAR LINEAR LINEAR LINEAR LINEAR LINEAR LINEAR LINEAR LINEAR LINEAR</Name_array>
        <technique_common>
          <accessor source="#mixamorig_Spine1-Interpolations-array" count="23">
            <param type="name"/>
          </accessor>
        </technique_common>
      </source>
      <sampler id="mixamorig_Spine1-Matrix-animation-transform">
        <input semantic="INPUT" source="#mixamorig_Spine1-Matrix-animation-input"/>
        <input semantic="OUTPUT" source="#mixamorig_Spine1-Matrix-animation-output-transform"/>
        <input semantic="INTERPOLATION" source="#mixamorig_Spine1-Interpolations"/>
      </sampler>
      <channel source="#mixamorig_Spine1-Matrix-animation-transform" target="mixamorig_Spine1/matrix"/>
    </animation>
    <animation id="mixamorig_Spine2-anim" name="mixamorig_Spine2">
      <source id="mixamorig_Spine2-Matrix-animation-input">
        <float_array id="mixamorig_Spine2-Matrix-animation-input-array" count="23">

0.000000 0.033333 0.066667 0.100000 0.133333 0.166667 0.200000 0.233333 0.266667 0.300000 0.333333 0.366667 0.400000 0.433333 0.466667 0.500000
0.533333 0.566667 0.600000 0.633333 0.666667 0.700000 0.733333</float_array>
        <technique_common>
          <accessor source="#mixamorig_Spine2-Matrix-animation-input-array" count="23">
            <param name="TIME" type="float"/>
          </accessor>
        </technique_common>
      </source>
      <source id="mixamorig_Spine2-Matrix-animation-output-transform">
        <float_array id="mixamorig_Spine2-Matrix-animation-output-transform-array" count="368">

0.998981 -0.012486 0.043367 0.000000 0.014752 0.998521 -0.052334 16.330999 -0.042650 0.052920 0.997688 0.000000 0.000000 0.000000 0.000000 1.000000
0.998266 -0.000333 0.058868 -0.000000 0.003338 0.998696 -0.050950 16.330999 -0.058775 0.051058 0.996965 0.000000 0.000000 0.000000 0.000000 1.000000
0.997864 0.007739 0.064869 -0.000000 -0.004241 0.998538 -0.053882 16.330999 -0.065191 0.053491 0.996438 0.000000 0.000000 0.000000 0.000000 1.000000
0.997866 0.016080 0.063291 0.000000 -0.012310 0.998151 -0.059525 16.330999 -0.064131 0.058618 0.996218 0.000000 0.000000 0.000000 0.000000 1.000000
0.997898 0.021412 0.061168 0.000000 -0.018337 0.998561 -0.050395 16.330999 -0.062159 0.049168 0.996854 -0.000000 0.000000 0.000000 0.000000 1.000000
0.997795 0.018594 0.063720 0.000000 -0.015898 0.998968 -0.042556 16.330999 -0.064445 0.041449 0.997060 0.000000 0.000000 0.000000 0.000000 1.000000
0.997868 0.014930 0.063538 0.000000 -0.011741 0.998667 -0.050271 16.330999 -0.064204 0.049418 0.996712 0.000000 0.000000 0.000000 0.000000 1.000000
0.998310 0.017656 0.055373 0.000000 -0.013985 0.997722 -0.065990 16.330999 -0.056412 0.065104 0.996283 -0.000000 0.000000 0.000000 0.000000 1.000000
0.998835 0.023142 0.042334 0.000000 -0.020404 0.997741 -0.064009 16.330999 -0.043719 0.063071 0.997051 0.000000 0.000000 0.000000 0.000000 1.000000
0.999090 0.028944 0.031341 -0.000000 -0.027012 0.997809 -0.060398 16.330999 -0.033020 0.059496 0.997682 0.000000 0.000000 0.000000 0.000000 1.000000
0.999273 0.030893 0.022353 -0.000000 -0.029434 0.997586 -0.062895 16.330999 -0.024242 0.062191 0.997770 -0.000000 0.000000 0.000000 0.000000 1.000000
0.999680 0.023301 0.009861 0.000000 -0.022681 0.998007 -0.058889 16.330999 -0.011213 0.058647 0.998216 -0.000000 0.000000 0.000000 0.000000 1.000000
0.999966 0.006918 -0.004409 0.000000 -0.007137 0.998627 -0.051902 16.330999 0.004044 0.051932 0.998642 0.000000 0.000000 0.000000 0.000000 1.000000
0.999749 -0.015822 -0.015848 0.000000 0.015041 0.998722 -0.048245 16.330999 0.016591 0.047994 0.998710 -0.000000 0.000000 0.000000 0.000000 1.000000
0.999095 -0.033879 -0.025719 -0.000000 0.032685 0.998429 -0.045520 16.330999 0.027221 0.044638 0.998632 0.000000 0.000000 0.000000 0.000000 1.000000
0.998568 -0.040461 -0.034992 -0.000000 0.038878 0.998240 -0.044787 16.330999 0.036743 0.043363 0.998384 0.000000 0.000000 0.000000 0.000000 1.000000
0.998678 -0.036283 -0.036409 -0.000000 0.034494 0.998222 -0.048606 16.330999 0.038107 0.047285 0.998154 -0.000000 0.000000 0.000000 0.000000 1.000000
0.999195 -0.029060 -0.027662 0.000000 0.027614 0.998302 -0.051286 16.330999 0.029106 0.050481 0.998301 -0.000000 0.000000 0.000000 0.000000 1.000000
0.999500 -0.028421 -0.013867 -0.000000 0.027668 0.998276 -0.051758 16.330999 0.015314 0.051348 0.998563 0.000000 0.000000 0.000000 0.000000 1.000000
0.999392 -0.034864 0.000880 0.000000 0.034866 0.998236 -0.048051 16.330999 0.000796 0.048052 0.998844 0.000000 0.000000 0.000000 0.000000 1.000000
0.999162 -0.039751 0.009802 0.000000 0.040192 0.997946 -0.049885 16.330999 -0.007798 0.050237 0.998707 0.000000 0.000000 0.000000 0.000000 1.000000
0.999279 -0.030576 0.022511 0.000000 0.031700 0.998175 -0.051392 16.330999 -0.020898 0.052069 0.998425 0.000000 0.000000 0.000000 0.000000 1.000000
0.998981 -0.012486 0.043367 0.000000 0.014752 0.998521 -0.052334 16.330999 -0.042650 0.052920 0.997688 0.000000 0.000000 0.000000 0.000000 1.000000</float_array>
        <technique_common>
          <accessor source="#mixamorig_Spine2-Matrix-animation-output-transform-array" count="23" stride="16">
            <param type="float4x4"/>
          </accessor>
        </technique_common>
      </source>
      <source id="mixamorig_Spine2-Interpolations">
        <Name_array id="mixamorig_Spine2-Interpolations-array" count="23">
 LINEAR LINEAR LINEAR LINEAR LINEAR LINEAR LINEAR LINEAR LINEAR LINEAR LINEAR
LINEAR LINEAR LINEAR LINEAR LINEAR LINEAR LINEAR LINEAR LINEAR LINEAR LINEAR LINEAR</Name_array>
        <technique_common>
          <accessor source="#mixamorig_Spine2-Interpolations-array" count="23">
            <param type="name"/>
          </accessor>
        </technique_common>
      </source>
      <sampler id="mixamorig_Spine2-Matrix-animation-transform">
        <input semantic="INPUT" source="#mixamorig_Spine2-Matrix-animation-input"/>
        <input semantic="OUTPUT" source="#mixamorig_Spine2-Matrix-animation-output-transform"/>
        <input semantic="INTERPOLATION" source="#mixamorig_Spine2-Interpolations"/>
      </sampler>
      <channel source="#mixamorig_Spine2-Matrix-animation-transform" target="mixamorig_Spine2/matrix"/>
    </animation>
    <animation id="mixamorig_Neck-anim" name="mixamorig_Neck">
      <source id="mixamorig_Neck-Matrix-animation-input">
        <float_array id="mixamorig_Neck-Matrix-animation-input-array" count="23">

0.000000 0.033333 0.066667 0.100000 0.133333 0.166667 0.200000 0.233333 0.266667 0.300000 0.333333 0.366667 0.400000 0.433333 0.466667 0.500000
0.533333 0.566667 0.600000 0.633333 0.666667 0.700000 0.733333</float_array>
        <technique_common>
          <accessor source="#mixamorig_Neck-Matrix-animation-input-array" count="23">
            <param name="TIME" type="float"/>
          </accessor>
        </technique_common>
      </source>
      <source id="mixamorig_Neck-Matrix-animation-output-transform">
        <float_array id="mixamorig_Neck-Matrix-animation-output-transform-array" count="368">

0.999691 -0.024180 -0.005826 0.000000 0.024866 0.977127 0.211198 18.372499 0.000586 -0.211277 0.977426 -0.000000 0.000000 0.000000 0.000000 1.000000
0.999701 -0.020100 -0.013925 0.000000 0.022451 0.980140 0.197034 18.372499 0.009688 -0.197287 0.980298 -0.000000 0.000000 0.000000 0.000000 1.000000
0.999676 -0.014725 -0.020739 0.000000 0.018316 0.982518 0.185264 18.372499 0.017648 -0.185584 0.982470 0.000000 0.000000 0.000000 0.000000 1.000000
0.999672 -0.001875 -0.025534 0.000000 0.006142 0.985756 0.168071 18.372499 0.024855 -0.168173 0.985444 0.000000 0.000000 0.000000 0.000000 1.000000
0.999622 0.004374 -0.027143 0.000000 0.000055 0.986945 0.161057 18.372499 0.027493 -0.160998 0.986572 0.000000 0.000000 0.000000 0.000000 1.000000
0.999566 -0.000593 -0.029460 0.000000 0.005454 0.986244 0.165209 18.372499 0.028957 -0.165297 0.985819 0.000000 0.000000 0.000000 0.000000 1.000000
0.999545 -0.007214 -0.029291 0.000000 0.011786 0.987201 0.159044 18.372499 0.027768 -0.159317 0.986837 0.000000 0.000000 0.000000 0.000000 1.000000
0.999597 -0.013290 -0.025099 -0.000000 0.016641 0.990236 0.138406 18.372499 0.023014 -0.138768 0.990057 0.000000 0.000000 0.000000 0.000000 1.000000
0.999276 -0.029390 -0.024160 0.000000 0.032221 0.991428 0.126619 18.372499 0.020232 -0.127306 0.991657 -0.000000 0.000000 0.000000 0.000000 1.000000
0.998358 -0.049056 -0.029577 0.000000 0.052771 0.988496 0.141744 18.372499 0.022284 -0.143072 0.989461 0.000000 0.000000 0.000000 0.000000 1.000000
0.997933 -0.055413 -0.032533 0.000000 0.059915 0.985386 0.159449 18.372499 0.023222 -0.161068 0.986670 -0.000000 0.000000 0.000000 0.000000 1.000000
0.998071 -0.055509 -0.027799 0.000000 0.059310 0.984871 0.162825 18.372499 0.018340 -0.164160 0.986263 0.000000 0.000000 0.000000 0.000000 1.000000
0.998199 -0.056739 -0.019484 0.000000 0.059134 0.985307 0.160232 18.372499 0.010106 -0.161095 0.986887 0.000000 0.000000 0.000000 0.000000 1.000000
0.998397 -0.055508 -0.011045 -0.000000 0.056553 0.986073 0.156403 18.372499 0.002210 -0.156777 0.987631 0.000000 0.000000 0.000000 0.000000 1.000000
0.998096 -0.061344 -0.006387 0.000000 0.061555 0.984331 0.165236 18.372499 -0.003849 -0.165315 0.986233 0.000000 0.000000 0.000000 0.000000 1.000000
0.997007 -0.076913 -0.007824 0.000000 0.077037 0.979891 0.184062 18.372499 -0.006490 -0.184114 0.982884 0.000000 0.000000 0.000000 0.000000 1.000000
0.996369 -0.084403 -0.011212 -0.000000 0.084991 0.978014 0.190432 18.372499 -0.005108 -0.190693 0.981636 0.000000 0.000000 0.000000 0.000000 1.000000
0.997361 -0.072186 -0.007765 0.000000 0.072372 0.979995 0.185398 18.372499 -0.005774 -0.185470 0.982633 0.000000 0.000000 0.000000 0.000000 1.000000
0.998750 -0.049969 -0.001251 0.000000 0.049324 0.981191 0.186633 18.372499 -0.008099 -0.186462 0.982429 -0.000000 0.000000 0.000000 0.000000 1.000000
0.999392 -0.034856 0.000943 0.000000 0.033913 0.977940 0.206115 18.372499 -0.008107 -0.205958 0.978527 0.000000 0.000000 0.000000 0.000000 1.000000
0.999520 -0.030885 0.002263 -0.000000 0.029572 0.973616 0.226268 18.372499 -0.009191 -0.226092 0.974063 0.000000 0.000000 0.000000 0.000000 1.000000
0.999584 -0.028822 0.001172 0.000000 0.027812 0.973744 0.225940 18.372499 -0.007653 -0.225813 0.974141 0.000000 0.000000 0.000000 0.000000 1.000000
0.999691 -0.024180 -0.005826 0.000000 0.024866 0.977127 0.211198 18.372499 0.000586 -0.211277 0.977426 -0.000000 0.000000 0.000000 0.000000 1.000000</float_array>
        <technique_common>
          <accessor source="#mixamorig_Neck-Matrix-animation-output-transform-array" count="23" stride="16">
            <param type="float4x4"/>
          </accessor>
        </technique_common>
      </source>
      <source id="mixamorig_Neck-Interpolations">
        <Name_array id="mixamorig_Neck-Interpolations-array" count="23">
 LINEAR LINEAR LINEAR LINEAR LINEAR LINEAR LINEAR LINEAR LINEAR LINEAR LINEAR
LINEAR LINEAR LINEAR LINEAR LINEAR LINEAR LINEAR LINEAR LINEAR LINEAR LINEAR LINEAR</Name_array>
        <technique_common>
          <accessor source="#mixamorig_Neck-Interpolations-array" count="23">
            <param type="name"/>
          </accessor>
        </technique_common>
      </source>
      <sampler id="mixamorig_Neck-Matrix-animation-transform">
        <input semantic="INPUT" source="#mixamorig_Neck-Matrix-animation-input"/>
        <input semantic="OUTPUT" source="#mixamorig_Neck-Matrix-animation-output-transform"/>
        <input semantic="INTERPOLATION" source="#mixamorig_Neck-Interpolations"/>
      </sampler>
      <channel source="#mixamorig_Neck-Matrix-animation-transform" target="mixamorig_Neck/matrix"/>
    </animation>
    <animation id="mixamorig_Head-anim" name="mixamorig_Head">
      <source id="mixamorig_Head-Matrix-animation-input">
        <float_array id="mixamorig_Head-Matrix-animation-input-array" count="23">

0.000000 0.033333 0.066667 0.100000 0.133333 0.166667 0.200000 0.233333 0.266667 0.300000 0.333333 0.366667 0.400000 0.433333 0.466667 0.500000
0.533333 0.566667 0.600000 0.633333 0.666667 0.700000 0.733333</float_array>
        <technique_common>
          <accessor source="#mixamorig_Head-Matrix-animation-input-array" count="23">
            <param name="TIME" type="float"/>
          </accessor>
        </technique_common>
      </source>
      <source id="mixamorig_Head-Matrix-animation-output-transform">
        <float_array id="mixamorig_Head-Matrix-animation-output-transform-array" count="368">

0.997697 0.057646 0.035747 0.000000 -0.061453 0.991275 0.116612 17.907801 -0.028713 -0.118540 0.992534 1.542600 0.000000 0.000000 0.000000 1.000000
0.999339 0.032174 -0.016903 0.000000 -0.030478 0.995247 0.092486 17.907801 0.019798 -0.091909 0.995571 1.542600 0.000000 0.000000 0.000000 1.000000
0.997859 0.014516 -0.063776 0.000000 -0.010338 0.997807 0.065371 17.907801 0.064585 -0.064572 0.995821 1.542600 0.000000 0.000000 0.000000 1.000000
0.992943 -0.010798 -0.118104 0.000000 0.015665 0.999062 0.040364 17.907801 0.117558 -0.041929 0.992181 1.542600 0.000000 0.000000 0.000000 1.000000
0.989353 -0.028222 -0.142776 0.000000 0.034298 0.998600 0.040275 17.907801 0.141439 -0.044743 0.988935 1.542600 0.000000 0.000000 0.000000 1.000000
0.989195 -0.026928 -0.144113 0.000000 0.034862 0.997996 0.052815 17.907801 0.142401 -0.057269 0.988151 1.542600 0.000000 0.000000 0.000000 1.000000
0.991053 -0.024408 -0.131216 -0.000000 0.032541 0.997656 0.060200 17.907801 0.129439 -0.063932 0.989524 1.542600 0.000000 0.000000 0.000000 1.000000
0.993754 -0.034705 -0.106059 0.000000 0.042235 0.996681 0.069594 17.907801 0.103292 -0.073639 0.991921 1.542600 0.000000 0.000000 0.000000 1.000000
0.995744 -0.047349 -0.079070 0.000000 0.054262 0.994667 0.087706 17.907801 0.074496 -0.091623 0.993003 1.542600 0.000000 0.000000 0.000000 1.000000
0.996595 -0.047648 -0.067287 -0.000000 0.054430 0.993206 0.102852 17.907801 0.061930 -0.106165 0.992418 1.542600 0.000000 0.000000 0.000000 1.000000
0.996666 -0.048857 -0.065340 0.000000 0.055455 0.993102 0.103313 17.907801 0.059842 -0.106592 0.992500 1.542600 0.000000 0.000000 0.000000 1.000000
0.998037 -0.048391 -0.039761 -0.000000 0.051895 0.994365 0.092435 17.907801 0.035064 -0.094317 0.994925 1.542600 0.000000 0.000000 0.000000 1.000000
0.999748 -0.018780 0.012311 0.000000 0.017803 0.997010 0.075190 17.907801 -0.013686 -0.074952 0.997093 1.542600 0.000000 0.000000 0.000000 1.000000
0.997691 0.024600 0.063300 0.000000 -0.027809 0.998346 0.050323 17.907801 -0.061958 -0.051967 0.996725 1.542600 0.000000 0.000000 0.000000 1.000000
0.992181 0.061677 0.108502 0.000000 -0.064835 0.997562 0.025824 17.907801 -0.106644 -0.032656 0.993761 1.542600 0.000000 0.000000 0.000000 1.000000
0.985775 0.090350 0.141719 0.000000 -0.094192 0.995340 0.020624 17.907801 -0.139195 -0.033680 0.989692 1.542600 0.000000 0.000000 0.000000 1.000000
0.984557 0.099984 0.143707 0.000000 -0.105720 0.993854 0.032831 17.907801 -0.139541 -0.047517 0.989076 1.542600 0.000000 0.000000 0.000000 1.000000
0.987060 0.091129 0.131940 -0.000000 -0.099253 0.993465 0.056351 17.907801 -0.125943 -0.068717 0.989655 1.542600 0.000000 0.000000 0.000000 1.000000
0.990010 0.081416 0.115113 0.000000 -0.091103 0.992497 0.081553 17.907801 -0.107609 -0.091225 0.989999 1.542600 0.000000 0.000000 0.000000 1.000000
0.990959 0.091905 0.097744 0.000000 -0.101203 0.990334 0.094846 17.907801 -0.088082 -0.103881 0.990682 1.542600 0.000000 0.000000 0.000000 1.000000
0.989369 0.106697 0.098821 -0.000000 -0.116848 0.987756 0.103365 17.907801 -0.086582 -0.113813 0.989722 1.542600 0.000000 0.000000 0.000000 1.000000
0.991781 0.094107 0.086687 -0.000000 -0.103887 0.987773 0.116243 17.907801 -0.074688 -0.124293 0.989431 1.542600 0.000000 0.000000 0.000000 1.000000
0.997697 0.057646 0.035747 0.000000 -0.061453 0.991275 0.116612 17.907801 -0.028713 -0.118540 0.992534 1.542600 0.000000 0.000000 0.000000 1.000000</float_array>
        <technique_common>
          <accessor source="#mixamorig_Head-Matrix-animation-output-transform-array" count="23" stride="16">
            <param type="float4x4"/>
          </accessor>
        </technique_common>
      </source>
      <source id="mixamorig_Head-Interpolations">
        <Name_array id="mixamorig_Head-Interpolations-array" count="23">
 LINEAR LINEAR LINEAR LINEAR LINEAR LINEAR LINEAR LINEAR LINEAR LINEAR LINEAR
LINEAR LINEAR LINEAR LINEAR LINEAR LINEAR LINEAR LINEAR LINEAR LINEAR LINEAR LINEAR</Name_array>
        <technique_common>
          <accessor source="#mixamorig_Head-Interpolations-array" count="23">
            <param type="name"/>
          </accessor>
        </technique_common>
      </source>
      <sampler id="mixamorig_Head-Matrix-animation-transform">
        <input semantic="INPUT" source="#mixamorig_Head-Matrix-animation-input"/>
        <input semantic="OUTPUT" source="#mixamorig_Head-Matrix-animation-output-transform"/>
        <input semantic="INTERPOLATION" source="#mixamorig_Head-Interpolations"/>
      </sampler>
      <channel source="#mixamorig_Head-Matrix-animation-transform" target="mixamorig_Head/matrix"/>
    </animation>
    <animation id="mixamorig_HeadTop_End-anim" name="mixamorig_HeadTop_End">
      <source id="mixamorig_HeadTop_End-Matrix-animation-input">
        <float_array id="mixamorig_HeadTop_End-Matrix-animation-input-array" count="23">

0.000000 0.033333 0.066667 0.100000 0.133333 0.166667 0.200000 0.233333 0.266667 0.300000 0.333333 0.366667 0.400000 0.433333 0.466667 0.500000
0.533333 0.566667 0.600000 0.633333 0.666667 0.700000 0.733333</float_array>
        <technique_common>
          <accessor source="#mixamorig_HeadTop_End-Matrix-animation-input-array" count="23">
            <param name="TIME" type="float"/>
          </accessor>
        </technique_common>
      </source>
      <source id="mixamorig_HeadTop_End-Matrix-animation-output-transform">
        <float_array id="mixamorig_HeadTop_End-Matrix-animation-output-transform-array" count="368">

1.000000 -0.000000 -0.000000 0.000000 0.000000 1.000000 0.000000 29.625900 0.000000 0.000000 1.000000 2.552100 0.000000 0.000000 0.000000 1.000000
1.000000 0.000000 -0.000000 0.000000 -0.000000 1.000000 0.000000 29.625900 -0.000000 0.000000 1.000000 2.552100 0.000000 0.000000 0.000000 1.000000
1.000000 0.000000 0.000000 0.000000 0.000000 1.000000 0.000000 29.625900 0.000000 0.000000 1.000000 2.552100 0.000000 0.000000 0.000000 1.000000
1.000000 -0.000000 0.000000 0.000000 0.000000 1.000000 0.000000 29.625900 0.000000 0.000000 1.000000 2.552100 0.000000 0.000000 0.000000 1.000000
