<?xml version="1.0" encoding="utf-8"?>
<COLLADA xmlns="http://www.collada.org/2005/11/COLLADASchema" version="1.4.1">
  <asset>
    <contributor>
      <author>Mixamo</author>
      <authoring_tool>COLLADA Mixamo exporter</authoring_tool>
      <comments/>
    </contributor>
    <created>2024-03-23T02:44:05Z</created>
    <modified>2024-03-23T02:44:05Z</modified>
    <revision/>
    <title/>
    <unit meter="0.010000"/>
    <up_axis>Y_UP</up_axis>
  </asset>
  <library_animations>
    <animation id="Armature-anim" name="Armature">
      <source id="Armature-Matrix-animation-input">
        <float_array id="Armature-Matrix-animation-input-array" count="74">

0.000000 0.033333 0.066667 0.100000 0.133333 0.166667 0.200000 0.233333 0.266667 0.300000 0.333333 0.366667 0.400000 0.433333 0.466667 0.500000
0.533333 0.566667 0.600000 0.633333 0.666667 0.700000 0.733333 0.766667 0.800000 0.833333 0.866667 0.900000 0.933333 0.966667 1.000000 1.033333
1.066667 1.100000 1.133333 1.166667 1.200000 1.233333 1.266667 1.300000 1.333333 1.366667 1.400000 1.433333 1.466667 1.500000 1.533333 1.566667
1.600000 1.633333 1.666667 1.700000 1.733333 1.766667 1.800000 1.833333 1.866667 1.900000 1.933333 1.966667 2.000000 2.033333 2.066667 2.100000
2.133333 2.166667 2.200000 2.233333 2.266667 2.300000 2.333333 2.366667 2.400000 2.433333</float_array>
        <technique_common>
          <accessor source="#Armature-Matrix-animation-input-array" count="74">
            <param name="TIME" type="float"/>
          </accessor>
        </technique_common>
      </source>
      <source id="Armature-Matrix-animation-output-transform">
        <float_array id="Armature-Matrix-animation-output-transform-array" count="1184">

1.000000 0.000000 0.000000 0.000000 0.000000 1.000000 0.000000 0.000000 0.000000 0.000000 1.000000 0.000000 0.000000 0.000000 0.000000 1.000000
1.000000 0.000000 0.000000 0.000000 0.000000 1.000000 0.000000 0.000000 0.000000 0.000000 1.000000 0.000000 0.000000 0.000000 0.000000 1.000000
1.000000 0.000000 0.000000 0.000000 0.000000 1.000000 0.000000 0.000000 0.000000 0.000000 1.000000 0.000000 0.000000 0.000000 0.000000 1.000000
1.000000 0.000000 0.000000 0.000000 0.000000 1.000000 0.000000 0.000000 0.000000 0.000000 1.000000 0.000000 0.000000 0.000000 0.000000 1.000000
1.000000 0.000000 0.000000 0.000000 0.000000 1.000000 0.000000 0.000000 0.000000 0.000000 1.000000 0.000000 0.000000 0.000000 0.000000 1.000000
1.000000 0.000000 0.000000 0.000000 0.000000 1.000000 0.000000 0.000000 0.000000 0.000000 1.000000 0.000000 0.000000 0.000000 0.000000 1.000000
1.000000 0.000000 0.000000 0.000000 0.000000 1.000000 0.000000 0.000000 0.000000 0.000000 1.000000 0.000000 0.000000 0.000000 0.000000 1.000000
1.000000 0.000000 0.000000 0.000000 0.000000 1.000000 0.000000 0.000000 0.000000 0.000000 1.000000 0.000000 0.000000 0.000000 0.000000 1.000000
1.000000 0.000000 0.000000 0.000000 0.000000 1.000000 0.000000 0.000000 0.000000 0.000000 1.000000 0.000000 0.000000 0.000000 0.000000 1.000000
1.000000 0.000000 0.000000 0.000000 0.000000 1.000000 0.000000 0.000000 0.000000 0.000000 1.000000 0.000000 0.000000 0.000000 0.000000 1.000000
1.000000 0.000000 0.000000 0.000000 0.000000 1.000000 0.000000 0.000000 0.000000 0.000000 1.000000 0.000000 0.000000 0.000000 0.000000 1.000000
1.000000 0.000000 0.000000 0.000000 0.000000 1.000000 0.000000 0.000000 0.000000 0.000000 1.000000 0.000000 0.000000 0.000000 0.000000 1.000000
1.000000 0.000000 0.000000 0.000000 0.000000 1.000000 0.000000 0.000000 0.000000 0.000000 1.000000 0.000000 0.000000 0.000000 0.000000 1.000000
1.000000 0.000000 0.000000 0.000000 0.000000 1.000000 0.000000 0.000000 0.000000 0.000000 1.000000 0.000000 0.000000 0.000000 0.000000 1.000000
1.000000 0.000000 0.000000 0.000000 0.000000 1.000000 0.000000 0.000000 0.000000 0.000000 1.000000 0.000000 0.000000 0.000000 0.000000 1.000000
1.000000 0.000000 0.000000 0.000000 0.000000 1.000000 0.000000 0.000000 0.000000 0.000000 1.000000 0.000000 0.000000 0.000000 0.000000 1.000000
1.000000 0.000000 0.000000 0.000000 0.000000 1.000000 0.000000 0.000000 0.000000 0.000000 1.000000 0.000000 0.000000 0.000000 0.000000 1.000000
1.000000 0.000000 0.000000 0.000000 0.000000 1.000000 0.000000 0.000000 0.000000 0.000000 1.000000 0.000000 0.000000 0.000000 0.000000 1.000000
1.000000 0.000000 0.000000 0.000000 0.000000 1.000000 0.000000 0.000000 0.000000 0.000000 1.000000 0.000000 0.000000 0.000000 0.000000 1.000000
1.000000 0.000000 0.000000 0.000000 0.000000 1.000000 0.000000 0.000000 0.000000 0.000000 1.000000 0.000000 0.000000 0.000000 0.000000 1.000000
1.000000 0.000000 0.000000 0.000000 0.000000 1.000000 0.000000 0.000000 0.000000 0.000000 1.000000 0.000000 0.000000 0.000000 0.000000 1.000000
1.000000 0.000000 0.000000 0.000000 0.000000 1.000000 0.000000 0.000000 0.000000 0.000000 1.000000 0.000000 0.000000 0.000000 0.000000 1.000000
1.000000 0.000000 0.000000 0.000000 0.000000 1.000000 0.000000 0.000000 0.000000 0.000000 1.000000 0.000000 0.000000 0.000000 0.000000 1.000000
1.000000 0.000000 0.000000 0.000000 0.000000 1.000000 0.000000 0.000000 0.000000 0.000000 1.000000 0.000000 0.000000 0.000000 0.000000 1.000000
1.000000 0.000000 0.000000 0.000000 0.000000 1.000000 0.000000 0.000000 0.000000 0.000000 1.000000 0.000000 0.000000 0.000000 0.000000 1.000000
1.000000 0.000000 0.000000 0.000000 0.000000 1.000000 0.000000 0.000000 0.000000 0.000000 1.000000 0.000000 0.000000 0.000000 0.000000 1.000000
1.000000 0.000000 0.000000 0.000000 0.000000 1.000000 0.000000 0.000000 0.000000 0.000000 1.000000 0.000000 0.000000 0.000000 0.000000 1.000000
1.000000 0.000000 0.000000 0.000000 0.000000 1.000000 0.000000 0.000000 0.000000 0.000000 1.000000 0.000000 0.000000 0.000000 0.000000 1.000000
1.000000 0.000000 0.000000 0.000000 0.000000 1.000000 0.000000 0.000000 0.000000 0.000000 1.000000 0.000000 0.000000 0.000000 0.000000 1.000000
1.000000 0.000000 0.000000 0.000000 0.000000 1.000000 0.000000 0.000000 0.000000 0.000000 1.000000 0.000000 0.000000 0.000000 0.000000 1.000000
1.000000 0.000000 0.000000 0.000000 0.000000 1.000000 0.000000 0.000000 0.000000 0.000000 1.000000 0.000000 0.000000 0.000000 0.000000 1.000000
1.000000 0.000000 0.000000 0.000000 0.000000 1.000000 0.000000 0.000000 0.000000 0.000000 1.000000 0.000000 0.000000 0.000000 0.000000 1.000000
1.000000 0.000000 0.000000 0.000000 0.000000 1.000000 0.000000 0.000000 0.000000 0.000000 1.000000 0.000000 0.000000 0.000000 0.000000 1.000000
1.000000 0.000000 0.000000 0.000000 0.000000 1.000000 0.000000 0.000000 0.000000 0.000000 1.000000 0.000000 0.000000 0.000000 0.000000 1.000000
1.000000 0.000000 0.000000 0.000000 0.000000 1.000000 0.000000 0.000000 0.000000 0.000000 1.000000 0.000000 0.000000 0.000000 0.000000 1.000000
1.000000 0.000000 0.000000 0.000000 0.000000 1.000000 0.000000 0.000000 0.000000 0.000000 1.000000 0.000000 0.000000 0.000000 0.000000 1.000000
1.000000 0.000000 0.000000 0.000000 0.000000 1.000000 0.000000 0.000000 0.000000 0.000000 1.000000 0.000000 0.000000 0.000000 0.000000 1.000000
1.000000 0.000000 0.000000 0.000000 0.000000 1.000000 0.000000 0.000000 0.000000 0.000000 1.000000 0.000000 0.000000 0.000000 0.000000 1.000000
1.000000 0.000000 0.000000 0.000000 0.000000 1.000000 0.000000 0.000000 0.000000 0.000000 1.000000 0.000000 0.000000 0.000000 0.000000 1.000000
1.000000 0.000000 0.000000 0.000000 0.000000 1.000000 0.000000 0.000000 0.000000 0.000000 1.000000 0.000000 0.000000 0.000000 0.000000 1.000000
1.000000 0.000000 0.000000 0.000000 0.000000 1.000000 0.000000 0.000000 0.000000 0.000000 1.000000 0.000000 0.000000 0.000000 0.000000 1.000000
1.000000 0.000000 0.000000 0.000000 0.000000 1.000000 0.000000 0.000000 0.000000 0.000000 1.000000 0.000000 0.000000 0.000000 0.000000 1.000000
1.000000 0.000000 0.000000 0.000000 0.000000 1.000000 0.000000 0.000000 0.000000 0.000000 1.000000 0.000000 0.000000 0.000000 0.000000 1.000000
1.000000 0.000000 0.000000 0.000000 0.000000 1.000000 0.000000 0.000000 0.000000 0.000000 1.000000 0.000000 0.000000 0.000000 0.000000 1.000000
1.000000 0.000000 0.000000 0.000000 0.000000 1.000000 0.000000 0.000000 0.000000 0.000000 1.000000 0.000000 0.000000 0.000000 0.000000 1.000000
1.000000 0.000000 0.000000 0.000000 0.000000 1.000000 0.000000 0.000000 0.000000 0.000000 1.000000 0.000000 0.000000 0.000000 0.000000 1.000000
1.000000 0.000000 0.000000 0.000000 0.000000 1.000000 0.000000 0.000000 0.000000 0.000000 1.000000 0.000000 0.000000 0.000000 0.000000 1.000000
1.000000 0.000000 0.000000 0.000000 0.000000 1.000000 0.000000 0.000000 0.000000 0.000000 1.000000 0.000000 0.000000 0.000000 0.000000 1.000000
1.000000 0.000000 0.000000 0.000000 0.000000 1.000000 0.000000 0.000000 0.000000 0.000000 1.000000 0.000000 0.000000 0.000000 0.000000 1.000000
1.000000 0.000000 0.000000 0.000000 0.000000 1.000000 0.000000 0.000000 0.000000 0.000000 1.000000 0.000000 0.000000 0.000000 0.000000 1.000000
1.000000 0.000000 0.000000 0.000000 0.000000 1.000000 0.000000 0.000000 0.000000 0.000000 1.000000 0.000000 0.000000 0.000000 0.000000 1.000000
1.000000 0.000000 0.000000 0.000000 0.000000 1.000000 0.000000 0.000000 0.000000 0.000000 1.000000 0.000000 0.000000 0.000000 0.000000 1.000000
1.000000 0.000000 0.000000 0.000000 0.000000 1.000000 0.000000 0.000000 0.000000 0.000000 1.000000 0.000000 0.000000 0.000000 0.000000 1.000000
1.000000 0.000000 0.000000 0.000000 0.000000 1.000000 0.000000 0.000000 0.000000 0.000000 1.000000 0.000000 0.000000 0.000000 0.000000 1.000000
1.000000 0.000000 0.000000 0.000000 0.000000 1.000000 0.000000 0.000000 0.000000 0.000000 1.000000 0.000000 0.000000 0.000000 0.000000 1.000000
1.000000 0.000000 0.000000 0.000000 0.000000 1.000000 0.000000 0.000000 0.000000 0.000000 1.000000 0.000000 0.000000 0.000000 0.000000 1.000000
1.000000 0.000000 0.000000 0.000000 0.000000 1.000000 0.000000 0.000000 0.000000 0.000000 1.000000 0.000000 0.000000 0.000000 0.000000 1.000000
1.000000 0.000000 0.000000 0.000000 0.000000 1.000000 0.000000 0.000000 0.000000 0.000000 1.000000 0.000000 0.000000 0.000000 0.000000 1.000000
1.000000 0.000000 0.000000 0.000000 0.000000 1.000000 0.000000 0.000000 0.000000 0.000000 1.000000 0.000000 0.000000 0.000000 0.000000 1.000000
1.000000 0.000000 0.000000 0.000000 0.000000 1.000000 0.000000 0.000000 0.000000 0.000000 1.000000 0.000000 0.000000 0.000000 0.000000 1.000000
1.000000 0.000000 0.000000 0.000000 0.000000 1.000000 0.000000 0.000000 0.000000 0.000000 1.000000 0.000000 0.000000 0.000000 0.000000 1.000000
1.000000 0.000000 0.000000 0.000000 0.000000 1.000000 0.000000 0.000000 0.000000 0.000000 1.000000 0.000000 0.000000 0.000000 0.000000 1.000000
1.000000 0.000000 0.000000 0.000000 0.000000 1.000000 0.000000 0.000000 0.000000 0.000000 1.000000 0.000000 0.000000 0.000000 0.000000 1.000000
1.000000 0.000000 0.000000 0.000000 0.000000 1.000000 0.000000 0.000000 0.000000 0.000000 1.000000 0.000000 0.000000 0.000000 0.000000 1.000000
1.000000 0.000000 0.000000 0.000000 0.000000 1.000000 0.000000 0.000000 0.000000 0.000000 1.000000 0.000000 0.000000 0.000000 0.000000 1.000000
1.000000 0.000000 0.000000 0.000000 0.000000 1.000000 0.000000 0.000000 0.000000 0.000000 1.000000 0.000000 0.000000 0.000000 0.000000 1.000000
1.000000 0.000000 0.000000 0.000000 0.000000 1.000000 0.000000 0.000000 0.000000 0.000000 1.000000 0.000000 0.000000 0.000000 0.000000 1.000000
1.000000 0.000000 0.000000 0.000000 0.000000 1.000000 0.000000 0.000000 0.000000 0.000000 1.000000 0.000000 0.000000 0.000000 0.000000 1.000000
1.000000 0.000000 0.000000 0.000000 0.000000 1.000000 0.000000 0.000000 0.000000 0.000000 1.000000 0.000000 0.000000 0.000000 0.000000 1.000000
1.000000 0.000000 0.000000 0.000000 0.000000 1.000000 0.000000 0.000000 0.000000 0.000000 1.000000 0.000000 0.000000 0.000000 0.000000 1.000000
1.000000 0.000000 0.000000 0.000000 0.000000 1.000000 0.000000 0.000000 0.000000 0.000000 1.000000 0.000000 0.000000 0.000000 0.000000 1.000000
1.000000 0.000000 0.000000 0.000000 0.000000 1.000000 0.000000 0.000000 0.000000 0.000000 1.000000 0.000000 0.000000 0.000000 0.000000 1.000000
1.000000 0.000000 0.000000 0.000000 0.000000 1.000000 0.000000 0.000000 0.000000 0.000000 1.000000 0.000000 0.000000 0.000000 0.000000 1.000000
1.000000 0.000000 0.000000 0.000000 0.000000 1.000000 0.000000 0.000000 0.000000 0.000000 1.000000 0.000000 0.000000 0.000000 0.000000 1.000000</float_array>
        <technique_common>
          <accessor source="#Armature-Matrix-animation-output-transform-array" count="74" stride="16">
            <param type="float4x4"/>
          </accessor>
        </technique_common>
      </source>
      <source id="Armature-Interpolations">
        <Name_array id="Armature-Interpolations-array" count="74">
 LINEAR LINEAR LINEAR LINEAR LINEAR LINEAR LINEAR LINEAR LINEAR LINEAR LINEAR
LINEAR LINEAR LINEAR LINEAR LINEAR LINEAR LINEAR LINEAR LINEAR LINEAR LINEAR LINEAR
LINEAR LINEAR LINEAR LINEAR LINEAR LINEAR LINEAR LINEAR LINEAR LINEAR LINEAR LINEAR
LINEAR LINEAR LINEAR LINEAR LINEAR LINEAR LINEAR LINEAR LINEAR LINEAR LINEAR LINEAR
LINEAR LINEAR LINEAR LINEAR LINEAR LINEAR LINEAR LINEAR LINEAR LINEAR LINEAR LINEAR
LINEAR LINEAR LINEAR LINEAR LINEAR LINEAR LINEAR LINEAR LINEAR LINEAR LINEAR LINEAR
LINEAR LINEAR LINEAR</Name_array>
        <technique_common>
          <accessor source="#Armature-Interpolations-array" count="74">
            <param type="name"/>
          </accessor>
        </technique_common>
      </source>
      <sampler id="Armature-Matrix-animation-transform">
        <input semantic="INPUT" source="#Armature-Matrix-animation-input"/>
        <input semantic="OUTPUT" source="#Armature-Matrix-animation-output-transform"/>
        <input semantic="INTERPOLATION" source="#Armature-Interpolations"/>
      </sampler>
      <channel source="#Armature-Matrix-animation-transform" target="Armature/matrix"/>
    </animation>
    <animation id="mixamorig_Hips-anim" name="mixamorig_Hips">
      <source id="mixamorig_Hips-Matrix-animation-input">
        <float_array id="mixamorig_Hips-Matrix-animation-input-array" count="74">

0.000000 0.033333 0.066667 0.100000 0.133333 0.166667 0.200000 0.233333 0.266667 0.300000 0.333333 0.366667 0.400000 0.433333 0.466667 0.500000
0.533333 0.566667 0.600000 0.633333 0.666667 0.700000 0.733333 0.766667 0.800000 0.833333 0.866667 0.900000 0.933333 0.966667 1.000000 1.033333
1.066667 1.100000 1.133333 1.166667 1.200000 1.233333 1.266667 1.300000 1.333333 1.366667 1.400000 1.433333 1.466667 1.500000 1.533333 1.566667
1.600000 1.633333 1.666667 1.700000 1.733333 1.766667 1.800000 1.833333 1.866667 1.900000 1.933333 1.966667 2.000000 2.033333 2.066667 2.100000
2.133333 2.166667 2.200000 2.233333 2.266667 2.300000 2.333333 2.366667 2.400000 2.433333</float_array>
        <technique_common>
          <accessor source="#mixamorig_Hips-Matrix-animation-input-array" count="74">
            <param name="TIME" type="float"/>
          </accessor>
        </technique_common>
      </source>
      <source id="mixamorig_Hips-Matrix-animation-output-transform">
        <float_array id="mixamorig_Hips-Matrix-animation-output-transform-array" count="1184">

0.999291 -0.014257 0.034851 0.048921 0.012821 0.999073 0.041105 102.018066 -0.035404 -0.040629 0.998547 -2.313246 0.000000 0.000000 0.000000 1.000000
0.999455 -0.013963 0.029908 0.102376 0.013542 0.999807 0.014207 101.750549 -0.030101 -0.013794 0.999452 -3.221889 0.000000 0.000000 0.000000 1.000000
0.999551 -0.015383 0.025695 0.255275 0.016040 0.999545 -0.025554 101.267578 -0.025290 0.025955 0.999343 -4.395997 0.000000 0.000000 0.000000 1.000000
0.999571 -0.023111 0.017991 0.578200 0.024447 0.996655 -0.077977 100.421219 -0.016129 0.078383 0.996793 -5.750957 0.000000 0.000000 0.000000 1.000000
0.999200 -0.039780 0.004194 1.062035 0.039971 0.988897 -0.143126 99.105263 0.001546 0.143179 0.989696 -7.134366 0.000000 0.000000 0.000000 1.000000
0.998319 -0.056056 -0.014696 1.644185 0.051528 0.974694 -0.217523 97.318161 0.026518 0.216400 0.975945 -8.463820 0.000000 0.000000 0.000000 1.000000
0.997273 -0.065292 -0.034415 2.220722 0.052302 0.954170 -0.294658 95.017647 0.052076 0.292054 0.954983 -9.856433 0.000000 0.000000 0.000000 1.000000
0.996549 -0.066585 -0.049568 2.731491 0.043651 0.928259 -0.369363 91.597015 0.070606 0.365925 0.927962 -11.423309 0.000000 0.000000 0.000000 1.000000
0.996272 -0.069424 -0.051218 3.093435 0.039799 0.896572 -0.441106 87.531357 0.076544 0.437423 0.895992 -13.110596 0.000000 0.000000 0.000000 1.000000
0.996575 -0.070296 -0.043557 3.423823 0.038571 0.861029 -0.507091 83.066521 0.073151 0.503674 0.860791 -14.539563 0.000000 0.000000 0.000000 1.000000
0.996865 -0.069357 -0.038087 3.771200 0.036139 0.827287 -0.560616 78.671059 0.070392 0.557482 0.827199 -15.508817 0.000000 0.000000 0.000000 1.000000
0.996518 -0.071103 -0.043545 4.079103 0.031195 0.802281 -0.596130 74.750259 0.077322 0.592696 0.801706 -16.155409 0.000000 0.000000 0.000000 1.000000
0.995214 -0.078149 -0.058667 4.284332 0.025759 0.788933 -0.613940 71.576530 0.094264 0.609490 0.787170 -16.556633 0.000000 0.000000 0.000000 1.000000
0.993218 -0.087089 -0.077028 4.392235 0.020931 0.785626 -0.618348 69.423271 0.114367 0.612542 0.782120 -16.567455 0.000000 0.000000 0.000000 1.000000
0.991204 -0.092941 -0.094217 4.459454 0.016010 0.790893 -0.611745 68.520775 0.131372 0.604855 0.785424 -16.115799 0.000000 0.000000 0.000000 1.000000
0.989563 -0.093209 -0.109895 4.489666 0.010371 0.806722 -0.590840 68.837067 0.143727 0.583534 0.799269 -15.413527 0.000000 0.000000 0.000000 1.000000
0.988261 -0.087225 -0.125429 4.407124 0.004077 0.835762 -0.549077 70.089867 0.152722 0.542120 0.826306 -14.846182 0.000000 0.000000 0.000000 1.000000
0.987027 -0.074711 -0.142111 4.160098 -0.003338 0.875394 -0.483399 71.928398 0.160518 0.477602 0.863788 -14.657090 0.000000 0.000000 0.000000 1.000000
0.985704 -0.056979 -0.158557 3.733689 -0.012162 0.914561 -0.404265 74.156311 0.168044 0.400415 0.900794 -14.715359 0.000000 0.000000 0.000000 1.000000
0.984878 -0.039141 -0.168773 3.188644 -0.020104 0.941746 -0.335722 76.804062 0.172081 0.334038 0.926718 -14.529457 0.000000 0.000000 0.000000 1.000000
0.985746 -0.027944 -0.165904 2.670299 -0.021862 0.956474 -0.290997 80.147903 0.166815 0.290476 0.942230 -13.542288 0.000000 0.000000 0.000000 1.000000
0.988286 -0.028648 -0.149898 2.269279 -0.010459 0.967199 -0.253806 84.755394 0.152252 0.252401 0.955570 -11.550025 0.000000 0.000000 0.000000 1.000000
0.990194 -0.031908 -0.136008 2.018279 0.004142 0.979844 -0.199723 91.146088 0.139640 0.197201 0.970367 -8.824089 0.000000 0.000000 0.000000 1.000000
0.990340 -0.023299 -0.136686 1.954370 0.004731 0.990886 -0.134621 98.957001 0.138576 0.132674 0.981425 -5.652880 0.000000 0.000000 0.000000 1.000000
0.989537 -0.009070 -0.143991 1.919204 -0.004923 0.995318 -0.096531 107.859848 0.144192 0.096230 0.984860 -2.512468 0.000000 0.000000 0.000000 1.000000
0.989916 -0.007165 -0.141471 1.853722 -0.009097 0.993443 -0.113970 116.420723 0.141360 0.114108 0.983360 -0.406811 0.000000 0.000000 0.000000 1.000000
0.992040 -0.013290 -0.125219 1.904522 -0.008709 0.984792 -0.173519 124.756920 0.125621 0.173228 0.976837 -0.168059 0.000000 0.000000 0.000000 1.000000
0.994550 -0.024777 -0.101272 2.010653 0.000015 0.971386 -0.237507 131.922348 0.104258 0.236211 0.966092 -1.672659 0.000000 0.000000 0.000000 1.000000
0.996485 -0.029435 -0.078432 2.126611 0.005489 0.957168 -0.289481 137.545837 0.083593 0.288033 0.953965 -3.938874 0.000000 0.000000 0.000000 1.000000
0.997335 -0.022837 -0.069293 2.367104 -0.002420 0.938874 -0.344252 142.797195 0.072919 0.343502 0.936317 -6.224782 0.000000 0.000000 0.000000 1.000000
0.997195 -0.013743 -0.073580 2.750456 -0.018645 0.906413 -0.421981 147.979553 0.072493 0.422169 0.903614 -8.540242 0.000000 0.000000 0.000000 1.000000
0.996470 -0.009856 -0.083375 3.191412 -0.034857 0.854880 -0.517654 152.156891 0.076377 0.518733 0.851518 -10.896969 0.000000 0.000000 0.000000 1.000000
0.995644 -0.008974 -0.092804 3.570451 -0.048564 0.799762 -0.598350 154.429626 0.079591 0.600251 0.795842 -13.197474 0.000000 0.000000 0.000000 1.000000
0.995130 -0.004800 -0.098458 3.726957 -0.058657 0.773903 -0.630582 154.193848 0.079224 0.633286 0.769852 -15.283813 0.000000 0.000000 0.000000 1.000000
0.995811 0.006215 -0.091222 3.494160 -0.060751 0.790593 -0.609320 151.433487 0.068332 0.612310 0.787659 -16.822983 0.000000 0.000000 0.000000 1.000000
0.997138 0.023997 -0.071694 2.961230 -0.060481 0.822205 -0.565970 146.890839 0.045366 0.568686 0.821303 -17.560108 0.000000 0.000000 0.000000 1.000000
0.997962 0.043410 -0.046772 2.559098 -0.061931 0.835560 -0.545897 141.605286 0.015384 0.547681 0.836546 -17.638327 0.000000 0.000000 0.000000 1.000000
0.997900 0.059076 -0.026582 2.455587 -0.063850 0.827610 -0.557660 135.680817 -0.010944 0.558185 0.829644 -16.768181 0.000000 0.000000 0.000000 1.000000
0.997112 0.072899 -0.021302 2.656085 -0.072081 0.819989 -0.567823 128.627457 -0.023926 0.567719 0.822875 -14.823274 0.000000 0.000000 0.000000 1.000000
0.996414 0.082490 -0.018848 3.062214 -0.079498 0.836333 -0.542427 120.001831 -0.028982 0.541980 0.839891 -12.166417 0.000000 0.000000 0.000000 1.000000
0.997271 0.073827 0.000929 3.256733 -0.064414 0.876134 -0.477745 109.527100 -0.036084 0.476382 0.878498 -9.386651 0.000000 0.000000 0.000000 1.000000
0.998220 0.037168 0.046645 2.871321 -0.014748 0.911610 -0.410791 99.164917 -0.057790 0.409372 0.910536 -7.855802 0.000000 0.000000 0.000000 1.000000
0.993612 0.023743 0.110321 2.223239 0.021375 0.920318 -0.390586 90.300797 -0.110804 0.390449 0.913932 -8.574974 0.000000 0.000000 0.000000 1.000000
0.979403 0.044533 0.196943 1.127802 0.045161 0.902354 -0.428624 83.810272 -0.196800 0.428690 0.881757 -11.215355 0.000000 0.000000 0.000000 1.000000
0.960368 0.071216 0.269484 -0.003653 0.072975 0.868847 -0.489673 79.351151 -0.269013 0.489932 0.829216 -13.661960 0.000000 0.000000 0.000000 1.000000
0.950332 0.084053 0.299674 -0.688518 0.099304 0.830633 -0.547893 76.893616 -0.294972 0.550439 0.781030 -15.220827 0.000000 0.000000 0.000000 1.000000
0.952906 0.086361 0.290710 -1.030778 0.109948 0.794998 -0.596565 76.046745 -0.282634 0.600433 0.748063 -16.428505 0.000000 0.000000 0.000000 1.000000
0.961011 0.089443 0.261643 -1.241402 0.100883 0.767597 -0.632944 76.412659 -0.257448 0.634661 0.728646 -17.536318 0.000000 0.000000 0.000000 1.000000
0.968564 0.096645 0.229222 -1.306706 0.079943 0.751646 -0.654704 77.801994 -0.235568 0.652448 0.720291 -18.376411 0.000000 0.000000 0.000000 1.000000
0.973667 0.102004 0.203881 -1.224327 0.059738 0.748910 -0.659974 79.897202 -0.220008 0.654775 0.723095 -18.594999 0.000000 0.000000 0.000000 1.000000
0.976629 0.100209 0.190143 -1.115405 0.047912 0.760902 -0.647096 82.416374 -0.209525 0.641083 0.738317 -18.191650 0.000000 0.000000 0.000000 1.000000
0.978647 0.090546 0.184531 -1.011629 0.043296 0.786800 -0.615687 85.234535 -0.200937 0.610530 0.766080 -17.445349 0.000000 0.000000 0.000000 1.000000
0.981252 0.074933 0.177568 -0.848888 0.040249 0.821336 -0.569023 88.434189 -0.188482 0.565501 0.802922 -16.555523 0.000000 0.000000 0.000000 1.000000
0.985398 0.059129 0.159672 -0.484675 0.031428 0.858491 -0.511864 91.881729 -0.167343 0.509408 0.844097 -15.494508 0.000000 0.000000 0.000000 1.000000
0.990421 0.047425 0.129682 0.144205 0.015741 0.894265 -0.447260 95.093147 -0.137181 0.445017 0.884953 -14.164242 0.000000 0.000000 0.000000 1.000000
0.994953 0.036344 0.093531 0.942061 0.001832 0.925367 -0.379068 97.973923 -0.100328 0.377326 0.920630 -12.575701 0.000000 0.000000 0.000000 1.000000
0.998232 0.022518 0.055011 1.772416 -0.004221 0.949987 -0.312261 100.325302 -0.059291 0.311477 0.948402 -10.737539 0.000000 0.000000 0.000000 1.000000
0.999842 0.006187 0.016658 2.549502 -0.001778 0.967562 -0.252628 101.971619 -0.017681 0.252558 0.967420 -8.706791 0.000000 0.000000 0.000000 1.000000
0.999786 -0.010892 -0.017564 3.191610 0.007093 0.979062 -0.203439 102.858650 0.019412 0.203271 0.978930 -6.641313 0.000000 0.000000 0.000000 1.000000
0.998617 -0.026209 -0.045575 3.630708 0.018517 0.986670 -0.161679 103.121964 0.049205 0.160611 0.985790 -4.758522 0.000000 0.000000 0.000000 1.000000
0.996994 -0.036261 -0.068471 3.869837 0.027842 0.992367 -0.120140 103.000786 0.072305 0.117872 0.990393 -3.230230 0.000000 0.000000 0.000000 1.000000
0.995392 -0.039845 -0.087221 3.971949 0.033328 0.996630 -0.074947 102.671997 0.089913 0.071695 0.993366 -2.098658 0.000000 0.000000 0.000000 1.000000
0.994373 -0.036232 -0.099550 3.976553 0.033395 0.998991 -0.030018 102.442909 0.100537 0.026525 0.994580 -1.252619 0.000000 0.000000 0.000000 1.000000
0.994412 -0.029231 -0.101442 3.899543 0.030175 0.999514 0.007787 102.332840 0.101165 -0.010805 0.994811 -0.565042 0.000000 0.000000 0.000000 1.000000
0.995457 -0.024164 -0.092100 3.697513 0.027423 0.999036 0.034288 102.269043 0.091183 -0.036658 0.995159 -0.031903 0.000000 0.000000 0.000000 1.000000
0.996913 -0.022077 -0.075350 3.346798 0.025881 0.998419 0.049887 102.201904 0.074130 -0.051683 0.995908 0.257875 0.000000 0.000000 0.000000 1.000000
0.998184 -0.021174 -0.056392 2.896025 0.024501 0.997959 0.058971 102.129730 0.055028 -0.060246 0.996666 0.264809 0.000000 0.000000 0.000000 1.000000
0.999019 -0.020497 -0.039244 2.425099 0.023030 0.997606 0.065207 102.033302 0.037814 -0.066047 0.997100 0.043964 0.000000 0.000000 0.000000 1.000000
0.999473 -0.019792 -0.025727 1.963881 0.021500 0.997463 0.067867 101.955772 0.024319 -0.068385 0.997363 -0.304074 0.000000 0.000000 0.000000 1.000000
0.999702 -0.019147 -0.015146 1.514088 0.020094 0.997676 0.065111 101.917236 0.013864 -0.065396 0.997763 -0.702530 0.000000 0.000000 0.000000 1.000000
0.999814 -0.018580 -0.005080 1.085614 0.018844 0.998125 0.058232 101.916992 0.003989 -0.058317 0.998290 -1.110417 0.000000 0.000000 0.000000 1.000000
0.999819 -0.017843 0.006570 0.695363 0.017487 0.998558 0.050746 101.944191 -0.007466 -0.050622 0.998690 -1.510503 0.000000 0.000000 0.000000 1.000000
0.999659 -0.016467 0.020253 0.349466 0.015543 0.998866 0.045007 101.982674 -0.020971 -0.044677 0.998781 -1.905865 0.000000 0.000000 0.000000 1.000000
0.999291 -0.014257 0.034851 0.048921 0.012821 0.999073 0.041105 102.018074 -0.035404 -0.040629 0.998547 -2.313247 0.000000 0.000000 0.000000 1.000000</float_array>
        <technique_common>
          <accessor source="#mixamorig_Hips-Matrix-animation-output-transform-array" count="74" stride="16">
            <param type="float4x4"/>
          </accessor>
        </technique_common>
      </source>
      <source id="mixamorig_Hips-Interpolations">
        <Name_array id="mixamorig_Hips-Interpolations-array" count="74">
 LINEAR LINEAR LINEAR LINEAR LINEAR LINEAR LINEAR LINEAR LINEAR LINEAR LINEAR
LINEAR LINEAR LINEAR LINEAR LINEAR LINEAR LINEAR LINEAR LINEAR LINEAR LINEAR LINEAR
LINEAR LINEAR LINEAR LINEAR LINEAR LINEAR LINEAR LINEAR LINEAR LINEAR LINEAR LINEAR
LINEAR LINEAR LINEAR LINEAR LINEAR LINEAR LINEAR LINEAR LINEAR LINEAR LINEAR LINEAR
LINEAR LINEAR LINEAR LINEAR LINEAR LINEAR LINEAR LINEAR LINEAR LINEAR LINEAR LINEAR
LINEAR LINEAR LINEAR LINEAR LINEAR LINEAR LINEAR LINEAR LINEAR LINEAR LINEAR LINEAR
LINEAR LINEAR LINEAR</Name_array>
        <technique_common>
          <accessor source="#mixamorig_Hips-Interpolations-array" count="74">
            <param type="name"/>
          </accessor>
        </technique_common>
      </source>
      <sampler id="mixamorig_Hips-Matrix-animation-transform">
        <input semantic="INPUT" source="#mixamorig_Hips-Matrix-animation-input"/>
        <input semantic="OUTPUT" source="#mixamorig_Hips-Matrix-animation-output-transform"/>
        <input semantic="INTERPOLATION" source="#mixamorig_Hips-Interpolations"/>
      </sampler>
      <channel source="#mixamorig_Hips-Matrix-animation-transform" target="mixamorig_Hips/matrix"/>
    </animation>
    <animation id="mixamorig_Spine-anim" name="mixamorig_Spine">
      <source id="mixamorig_Spine-Matrix-animation-input">
        <float_array id="mixamorig_Spine-Matrix-animation-input-array" count="74">

0.000000 0.033333 0.066667 0.100000 0.133333 0.166667 0.200000 0.233333 0.266667 0.300000 0.333333 0.366667 0.400000 0.433333 0.466667 0.500000
0.533333 0.566667 0.600000 0.633333 0.666667 0.700000 0.733333 0.766667 0.800000 0.833333 0.866667 0.900000 0.933333 0.966667 1.000000 1.033333
1.066667 1.100000 1.133333 1.166667 1.200000 1.233333 1.266667 1.300000 1.333333 1.366667 1.400000 1.433333 1.466667 1.500000 1.533333 1.566667
1.600000 1.633333 1.666667 1.700000 1.733333 1.766667 1.800000 1.833333 1.866667 1.900000 1.933333 1.966667 2.000000 2.033333 2.066667 2.100000
2.133333 2.166667 2.200000 2.233333 2.266667 2.300000 2.333333 2.366667 2.400000 2.433333</float_array>
        <technique_common>
          <accessor source="#mixamorig_Spine-Matrix-animation-input-array" count="74">
            <param name="TIME" type="float"/>
          </accessor>
        </technique_common>
      </source>
      <source id="mixamorig_Spine-Matrix-animation-output-transform">
        <float_array id="mixamorig_Spine-Matrix-animation-output-transform-array" count="1184">

0.999883 -0.011049 0.010614 0.000000 0.011837 0.996943 -0.077229 12.246100 -0.009729 0.077346 0.996957 0.234600 0.000000 0.000000 0.000000 1.000000
0.999884 -0.011628 0.009826 0.000000 0.012431 0.996221 -0.085959 12.246100 -0.008789 0.086071 0.996250 0.234600 0.000000 0.000000 0.000000 1.000000
0.999927 -0.009222 0.007771 0.000000 0.009928 0.995293 -0.096399 12.246100 -0.006845 0.096469 0.995312 0.234600 0.000000 0.000000 0.000000 1.000000
0.999980 -0.000769 0.006300 -0.000000 0.001442 0.994211 -0.107435 12.246100 -0.006181 0.107442 0.994192 0.234600 0.000000 0.000000 0.000000 1.000000
0.999881 0.014085 0.006216 0.000000 -0.013262 0.993045 -0.116986 12.246100 -0.007820 0.116889 0.993114 0.234600 0.000000 0.000000 0.000000 1.000000
0.999655 0.024628 0.009138 0.000000 -0.023288 0.991824 -0.125468 12.246100 -0.012153 0.125212 0.992056 0.234600 0.000000 0.000000 0.000000 1.000000
0.999529 0.026557 0.015353 0.000000 -0.024214 0.990325 -0.136637 12.246100 -0.018833 0.136201 0.990502 0.234600 0.000000 0.000000 0.000000 1.000000
0.999500 0.021444 0.023252 0.000000 -0.017670 0.988244 -0.151859 12.246100 -0.026236 0.151372 0.988129 0.234600 0.000000 0.000000 0.000000 1.000000
0.999546 0.018843 0.023518 0.000000 -0.014585 0.985398 -0.169638 12.246100 -0.026371 0.169218 0.985226 0.234600 0.000000 0.000000 0.000000 1.000000
0.999749 0.013915 0.017544 0.000000 -0.010408 0.982472 -0.186120 12.246100 -0.019826 0.185891 0.982370 0.234600 0.000000 0.000000 0.000000 1.000000
0.999912 0.008767 0.009984 0.000000 -0.006563 0.979245 -0.202576 12.246100 -0.011553 0.202493 0.979216 0.234600 0.000000 0.000000 0.000000 1.000000
0.999944 0.009551 0.004503 0.000000 -0.008307 0.974801 -0.222923 12.246100 -0.006518 0.222873 0.974826 0.234600 0.000000 0.000000 0.000000 1.000000
0.999839 0.017955 0.000434 0.000000 -0.017294 0.968969 -0.246578 12.246100 -0.004848 0.246530 0.969123 0.234600 0.000000 0.000000 0.000000 1.000000
0.999565 0.028990 -0.005374 0.000000 -0.029372 0.963164 -0.267307 12.246100 -0.002573 0.267348 0.963597 0.234600 0.000000 0.000000 0.000000 1.000000
0.999207 0.036919 -0.014901 0.000000 -0.039607 0.959810 -0.277842 12.246100 0.004044 0.278212 0.960511 0.234600 0.000000 0.000000 0.000000 1.000000
0.998810 0.040734 -0.026828 -0.000000 -0.046566 0.960022 -0.276025 12.246100 0.014512 0.276946 0.960776 0.234600 0.000000 0.000000 0.000000 1.000000
0.998296 0.043961 -0.038367 0.000000 -0.052638 0.962233 -0.267089 12.246100 0.025176 0.268653 0.962908 0.234600 0.000000 0.000000 0.000000 1.000000
0.997644 0.049710 -0.047290 0.000000 -0.060324 0.963877 -0.259427 12.246100 0.032685 0.261668 0.964604 0.234600 0.000000 0.000000 0.000000 1.000000
0.996958 0.056856 -0.053317 0.000000 -0.068621 0.964651 -0.254440 12.246100 0.036965 0.257325 0.965618 0.234600 0.000000 0.000000 0.000000 1.000000
0.996444 0.060892 -0.058232 -0.000000 -0.073324 0.967164 -0.243345 12.246100 0.041502 0.246749 0.968190 0.234600 0.000000 0.000000 0.000000 1.000000
0.996186 0.059528 -0.063795 -0.000000 -0.072234 0.972758 -0.220281 12.246100 0.048945 0.224049 0.973348 0.234600 0.000000 0.000000 0.000000 1.000000
0.995701 0.060400 -0.070223 0.000000 -0.072941 0.978571 -0.192556 12.246100 0.057088 0.196850 0.978770 0.234600 0.000000 0.000000 0.000000 1.000000
0.995691 0.062055 -0.068908 0.000000 -0.073099 0.982471 -0.171483 12.246100 0.057059 0.175781 0.982774 0.234600 0.000000 0.000000 0.000000 1.000000
0.997134 0.051018 -0.055867 0.000000 -0.059087 0.986317 -0.153907 12.246100 0.047251 0.156767 0.986505 0.234600 0.000000 0.000000 0.000000 1.000000
0.998789 0.029104 -0.039679 0.000000 -0.033925 0.991345 -0.126820 12.246100 0.035645 0.128013 0.991132 0.234600 0.000000 0.000000 0.000000 1.000000
0.999619 0.010117 -0.025682 -0.000000 -0.012472 0.995565 -0.093243 12.246100 0.024625 0.093528 0.995312 0.234600 0.000000 0.000000 0.000000 1.000000
0.999946 -0.003825 -0.009655 0.000000 0.003073 0.997050 -0.076688 12.246100 0.009920 0.076654 0.997008 0.234600 0.000000 0.000000 0.000000 1.000000
0.999991 -0.002078 0.003735 -0.000000 0.002415 0.995694 -0.092666 12.246100 -0.003527 0.092674 0.995690 0.234600 0.000000 0.000000 0.000000 1.000000
0.999931 0.002325 0.011554 0.000000 -0.000761 0.991041 -0.133555 12.246100 -0.011761 0.133537 0.990974 0.234600 0.000000 0.000000 0.000000 1.000000
0.999713 -0.001836 0.023884 0.000000 0.006133 0.983442 -0.181117 12.246100 -0.023156 0.181212 0.983171 0.234600 0.000000 0.000000 0.000000 1.000000
0.999140 -0.008652 0.040540 0.000000 0.017228 0.976187 -0.216247 12.246100 -0.037704 0.216759 0.975497 0.234600 0.000000 0.000000 0.000000 1.000000
0.998509 -0.010323 0.053600 0.000000 0.022337 0.973245 -0.228683 12.246100 -0.049806 0.229540 0.972024 0.234600 0.000000 0.000000 0.000000 1.000000
0.998091 -0.007154 0.061342 0.000000 0.021003 0.973381 -0.228228 12.246100 -0.058076 0.229081 0.971673 0.234600 0.000000 0.000000 0.000000 1.000000
0.997796 -0.001243 0.066346 0.000000 0.016869 0.971727 -0.235505 12.246100 -0.064178 0.236106 0.969606 0.234600 0.000000 0.000000 0.000000 1.000000
0.997977 0.004296 0.063430 0.000000 0.012140 0.966479 -0.256459 12.246100 -0.062406 0.256710 0.964472 0.234600 0.000000 0.000000 0.000000 1.000000
0.998453 0.006025 0.055267 -0.000000 0.009154 0.962721 -0.270342 12.246100 -0.054835 0.270430 0.961177 0.234600 0.000000 0.000000 0.000000 1.000000
0.998896 0.004241 0.046783 0.000000 0.007713 0.967590 -0.252407 12.246100 -0.046337 0.252490 0.966489 0.234600 0.000000 0.000000 0.000000 1.000000
0.999063 0.004597 0.043030 0.000000 0.004253 0.979098 -0.203343 12.246100 -0.043065 0.203336 0.978162 0.234600 0.000000 0.000000 0.000000 1.000000
0.998534 0.006561 0.053727 -0.000000 0.001584 0.988660 -0.150163 12.246100 -0.054103 0.150028 0.987200 0.234600 0.000000 0.000000 0.000000 1.000000
0.997828 0.009298 0.065207 0.000000 -0.001469 0.992882 -0.119097 12.246100 -0.065850 0.118743 0.990739 0.234600 0.000000 0.000000 0.000000 1.000000
0.998342 0.027644 0.050494 0.000000 -0.021803 0.993382 -0.112769 12.246100 -0.053278 0.111481 0.992337 0.234600 0.000000 0.000000 0.000000 1.000000
0.997162 0.075053 0.005846 0.000000 -0.073822 0.990106 -0.119330 12.246100 -0.014744 0.118560 0.992837 0.234600 0.000000 0.000000 0.000000 1.000000
0.995272 0.092963 -0.028127 0.000000 -0.095912 0.986348 -0.133862 12.246100 0.015299 0.135927 0.990601 0.234600 0.000000 0.000000 0.000000 1.000000
0.996254 0.072450 -0.047211 0.000000 -0.079529 0.982020 -0.171206 12.246100 0.033958 0.174320 0.984103 0.234600 0.000000 0.000000 0.000000 1.000000
0.997435 0.050789 -0.050436 0.000000 -0.061103 0.971166 -0.230439 12.246100 0.037278 0.232930 0.971779 0.234600 0.000000 0.000000 0.000000 1.000000
0.998126 0.044457 -0.042049 0.000000 -0.054743 0.955783 -0.288932 12.246100 0.027344 0.290692 0.956426 0.234600 0.000000 0.000000 0.000000 1.000000
0.998453 0.049234 -0.025830 0.000000 -0.054962 0.944141 -0.324926 12.246100 0.008390 0.325843 0.945387 0.234600 0.000000 0.000000 0.000000 1.000000
0.998257 0.058003 -0.010911 0.000000 -0.058286 0.939785 -0.336758 12.246100 -0.009279 0.336807 0.941528 0.234600 0.000000 0.000000 0.000000 1.000000
0.998000 0.063046 -0.004582 0.000000 -0.060933 0.940194 -0.335146 12.246100 -0.016822 0.334755 0.942155 0.234600 0.000000 0.000000 0.000000 1.000000
0.998048 0.062174 -0.005856 0.000000 -0.060665 0.943013 -0.327179 12.246100 -0.014820 0.326895 0.944944 0.234600 0.000000 0.000000 0.000000 1.000000
0.998262 0.058164 -0.009487 0.000000 -0.058185 0.947175 -0.315394 12.246100 -0.009359 0.315398 0.948913 0.234600 0.000000 0.000000 0.000000 1.000000
0.998437 0.054764 -0.011170 0.000000 -0.055580 0.951768 -0.301743 12.246100 -0.005893 0.301892 0.953324 0.234600 0.000000 0.000000 0.000000 1.000000
0.998442 0.054951 -0.009694 0.000000 -0.055418 0.956242 -0.287279 12.246100 -0.006517 0.287369 0.957798 0.234600 0.000000 0.000000 0.000000 1.000000
0.998407 0.056294 -0.003862 0.000000 -0.055238 0.961110 -0.270585 12.246100 -0.011520 0.270367 0.962688 0.234600 0.000000 0.000000 0.000000 1.000000
0.998525 0.054107 0.004414 0.000000 -0.051290 0.966930 -0.249833 12.246100 -0.017786 0.249238 0.968279 0.234600 0.000000 0.000000 0.000000 1.000000
0.998689 0.050271 0.009651 0.000000 -0.046806 0.973135 -0.225426 12.246100 -0.020724 0.224679 0.974212 0.234600 0.000000 0.000000 0.000000 1.000000
0.998787 0.047791 0.011852 0.000000 -0.044519 0.979333 -0.197295 12.246100 -0.021036 0.196528 0.980272 0.234600 0.000000 0.000000 0.000000 1.000000
0.998835 0.046135 0.014137 0.000000 -0.043180 0.985372 -0.164856 12.246100 -0.021536 0.164054 0.986216 0.234600 0.000000 0.000000 0.000000 1.000000
0.998906 0.043319 0.017603 0.000000 -0.040687 0.990762 -0.129365 12.246100 -0.023044 0.128508 0.991441 0.234600 0.000000 0.000000 0.000000 1.000000
0.998998 0.038640 0.022598 -0.000000 -0.036295 0.994688 -0.096323 12.246100 -0.026200 0.095406 0.995094 0.234600 0.000000 0.000000 0.000000 1.000000
0.999043 0.032459 0.029316 0.000000 -0.030223 0.996819 -0.073748 12.246100 -0.031616 0.072791 0.996846 0.234600 0.000000 0.000000 0.000000 1.000000
0.999005 0.026669 0.035740 0.000000 -0.024253 0.997498 -0.066403 12.246100 -0.037422 0.065470 0.997153 0.234600 0.000000 0.000000 0.000000 1.000000
0.999080 0.019072 0.038407 0.000000 -0.016309 0.997342 -0.071012 12.246100 -0.039660 0.070320 0.996736 0.234600 0.000000 0.000000 0.000000 1.000000
0.999332 0.008982 0.035413 0.000000 -0.006207 0.996957 -0.077705 12.246100 -0.036004 0.077433 0.996347 0.234600 0.000000 0.000000 0.000000 1.000000
0.999593 -0.000451 0.028536 0.000000 0.002669 0.996971 -0.077726 12.246100 -0.028414 0.077770 0.996566 0.234600 0.000000 0.000000 0.000000 1.000000
0.999754 -0.006450 0.021212 0.000000 0.007946 0.997429 -0.071223 12.246100 -0.020698 0.071374 0.997235 0.234600 0.000000 0.000000 0.000000 1.000000
0.999840 -0.009000 0.015483 -0.000000 0.010004 0.997768 -0.066026 12.246100 -0.014854 0.066170 0.997698 0.234600 0.000000 0.000000 0.000000 1.000000
0.999879 -0.009761 0.012088 -0.000000 0.010556 0.997657 -0.067591 12.246100 -0.011400 0.067711 0.997640 0.234600 0.000000 0.000000 0.000000 1.000000
0.999888 -0.010215 0.010961 0.000000 0.010992 0.997244 -0.073374 12.246100 -0.010181 0.073486 0.997244 0.234600 0.000000 0.000000 0.000000 1.000000
0.999882 -0.010475 0.011278 0.000000 0.011321 0.996909 -0.077746 12.246100 -0.010428 0.077864 0.996909 0.234600 0.000000 0.000000 0.000000 1.000000
0.999875 -0.010391 0.011914 0.000000 0.011295 0.996852 -0.078477 12.246100 -0.011061 0.078602 0.996845 0.234600 0.000000 0.000000 0.000000 1.000000
0.999875 -0.010209 0.012095 0.000000 0.011115 0.996943 -0.077336 12.246100 -0.011269 0.077461 0.996932 0.234600 0.000000 0.000000 0.000000 1.000000
0.999880 -0.010355 0.011525 0.000000 0.011209 0.996993 -0.076679 12.246100 -0.010696 0.076799 0.996989 0.234600 0.000000 0.000000 0.000000 1.000000
