<?xml version="1.0" encoding="utf-8"?>
<COLLADA xmlns="http://www.collada.org/2005/11/COLLADASchema" version="1.4.1">
  <asset>
    <contributor>
      <author>Mixamo</author>
      <authoring_tool>COLLADA Mixamo exporter</authoring_tool>
      <comments/>
    </contributor>
    <created>2024-03-23T02:47:44Z</created>
    <modified>2024-03-23T02:47:44Z</modified>
    <revision/>
    <title/>
    <unit meter="0.010000"/>
    <up_axis>Y_UP</up_axis>
  </asset>
  <library_animations>
    <animation id="Armature-anim" name="Armature">
      <source id="Armature-Matrix-animation-input">
        <float_array id="Armature-Matrix-animation-input-array" count="137">

0.000000 0.033333 0.066667 0.100000 0.133333 0.166667 0.200000 0.233333 0.266667 0.300000 0.333333 0.366667 0.400000 0.433333 0.466667 0.500000
0.533333 0.566667 0.600000 0.633333 0.666667 0.700000 0.733333 0.766667 0.800000 0.833333 0.866667 0.900000 0.933333 0.966667 1.000000 1.033333
1.066667 1.100000 1.133333 1.166667 1.200000 1.233333 1.266667 1.300000 1.333333 1.366667 1.400000 1.433333 1.466667 1.500000 1.533333 1.566667
1.600000 1.633333 1.666667 1.700000 1.733333 1.766667 1.800000 1.833333 1.866667 1.900000 1.933333 1.966667 2.000000 2.033333 2.066667 2.100000
2.133333 2.166667 2.200000 2.233333 2.266667 2.300000 2.333333 2.366667 2.400000 2.433333 2.466667 2.500000 2.533333 2.566667 2.600000 2.633333
2.666667 2.700000 2.733333 2.766667 2.800000 2.833333 2.866667 2.900000 2.933333 2.966667 3.000000 3.033333 3.066667 3.100000 3.133333 3.166667
3.200000 3.233333 3.266667 3.300000 3.333333 3.366667 3.400000 3.433333 3.466667 3.500000 3.533333 3.566667 3.600000 3.633333 3.666667 3.700000
3.733333 3.766667 3.800000 3.833333 3.866667 3.900000 3.933333 3.966667 4.000000 4.033333 4.066667 4.100000 4.133333 4.166667 4.200000 4.233333
4.266667 4.300000 4.333333 4.366667 4.400000 4.433333 4.466667 4.500000 4.533333</float_array>
        <technique_common>
          <accessor source="#Armature-Matrix-animation-input-array" count="137">
            <param name="TIME" type="float"/>
          </accessor>
        </technique_common>
      </source>
      <source id="Armature-Matrix-animation-output-transform">
        <float_array id="Armature-Matrix-animation-output-transform-array" count="2192">

1.000000 0.000000 0.000000 0.000000 0.000000 1.000000 0.000000 0.000000 0.000000 0.000000 1.000000 0.000000 0.000000 0.000000 0.000000 1.000000
1.000000 0.000000 0.000000 0.000000 0.000000 1.000000 0.000000 0.000000 0.000000 0.000000 1.000000 0.000000 0.000000 0.000000 0.000000 1.000000
1.000000 0.000000 0.000000 0.000000 0.000000 1.000000 0.000000 0.000000 0.000000 0.000000 1.000000 0.000000 0.000000 0.000000 0.000000 1.000000
1.000000 0.000000 0.000000 0.000000 0.000000 1.000000 0.000000 0.000000 0.000000 0.000000 1.000000 0.000000 0.000000 0.000000 0.000000 1.000000
1.000000 0.000000 0.000000 0.000000 0.000000 1.000000 0.000000 0.000000 0.000000 0.000000 1.000000 0.000000 0.000000 0.000000 0.000000 1.000000
1.000000 0.000000 0.000000 0.000000 0.000000 1.000000 0.000000 0.000000 0.000000 0.000000 1.000000 0.000000 0.000000 0.000000 0.000000 1.000000
1.000000 0.000000 0.000000 0.000000 0.000000 1.000000 0.000000 0.000000 0.000000 0.000000 1.000000 0.000000 0.000000 0.000000 0.000000 1.000000
1.000000 0.000000 0.000000 0.000000 0.000000 1.000000 0.000000 0.000000 0.000000 0.000000 1.000000 0.000000 0.000000 0.000000 0.000000 1.000000
1.000000 0.000000 0.000000 0.000000 0.000000 1.000000 0.000000 0.000000 0.000000 0.000000 1.000000 0.000000 0.000000 0.000000 0.000000 1.000000
1.000000 0.000000 0.000000 0.000000 0.000000 1.000000 0.000000 0.000000 0.000000 0.000000 1.000000 0.000000 0.000000 0.000000 0.000000 1.000000
1.000000 0.000000 0.000000 0.000000 0.000000 1.000000 0.000000 0.000000 0.000000 0.000000 1.000000 0.000000 0.000000 0.000000 0.000000 1.000000
1.000000 0.000000 0.000000 0.000000 0.000000 1.000000 0.000000 0.000000 0.000000 0.000000 1.000000 0.000000 0.000000 0.000000 0.000000 1.000000
1.000000 0.000000 0.000000 0.000000 0.000000 1.000000 0.000000 0.000000 0.000000 0.000000 1.000000 0.000000 0.000000 0.000000 0.000000 1.000000
1.000000 0.000000 0.000000 0.000000 0.000000 1.000000 0.000000 0.000000 0.000000 0.000000 1.000000 0.000000 0.000000 0.000000 0.000000 1.000000
1.000000 0.000000 0.000000 0.000000 0.000000 1.000000 0.000000 0.000000 0.000000 0.000000 1.000000 0.000000 0.000000 0.000000 0.000000 1.000000
1.000000 0.000000 0.000000 0.000000 0.000000 1.000000 0.000000 0.000000 0.000000 0.000000 1.000000 0.000000 0.000000 0.000000 0.000000 1.000000
1.000000 0.000000 0.000000 0.000000 0.000000 1.000000 0.000000 0.000000 0.000000 0.000000 1.000000 0.000000 0.000000 0.000000 0.000000 1.000000
1.000000 0.000000 0.000000 0.000000 0.000000 1.000000 0.000000 0.000000 0.000000 0.000000 1.000000 0.000000 0.000000 0.000000 0.000000 1.000000
1.000000 0.000000 0.000000 0.000000 0.000000 1.000000 0.000000 0.000000 0.000000 0.000000 1.000000 0.000000 0.000000 0.000000 0.000000 1.000000
1.000000 0.000000 0.000000 0.000000 0.000000 1.000000 0.000000 0.000000 0.000000 0.000000 1.000000 0.000000 0.000000 0.000000 0.000000 1.000000
1.000000 0.000000 0.000000 0.000000 0.000000 1.000000 0.000000 0.000000 0.000000 0.000000 1.000000 0.000000 0.000000 0.000000 0.000000 1.000000
1.000000 0.000000 0.000000 0.000000 0.000000 1.000000 0.000000 0.000000 0.000000 0.000000 1.000000 0.000000 0.000000 0.000000 0.000000 1.000000
1.000000 0.000000 0.000000 0.000000 0.000000 1.000000 0.000000 0.000000 0.000000 0.000000 1.000000 0.000000 0.000000 0.000000 0.000000 1.000000
1.000000 0.000000 0.000000 0.000000 0.000000 1.000000 0.000000 0.000000 0.000000 0.000000 1.000000 0.000000 0.000000 0.000000 0.000000 1.000000
1.000000 0.000000 0.000000 0.000000 0.000000 1.000000 0.000000 0.000000 0.000000 0.000000 1.000000 0.000000 0.000000 0.000000 0.000000 1.000000
1.000000 0.000000 0.000000 0.000000 0.000000 1.000000 0.000000 0.000000 0.000000 0.000000 1.000000 0.000000 0.000000 0.000000 0.000000 1.000000
1.000000 0.000000 0.000000 0.000000 0.000000 1.000000 0.000000 0.000000 0.000000 0.000000 1.000000 0.000000 0.000000 0.000000 0.000000 1.000000
1.000000 0.000000 0.000000 0.000000 0.000000 1.000000 0.000000 0.000000 0.000000 0.000000 1.000000 0.000000 0.000000 0.000000 0.000000 1.000000
1.000000 0.000000 0.000000 0.000000 0.000000 1.000000 0.000000 0.000000 0.000000 0.000000 1.000000 0.000000 0.000000 0.000000 0.000000 1.000000
1.000000 0.000000 0.000000 0.000000 0.000000 1.000000 0.000000 0.000000 0.000000 0.000000 1.000000 0.000000 0.000000 0.000000 0.000000 1.000000
1.000000 0.000000 0.000000 0.000000 0.000000 1.000000 0.000000 0.000000 0.000000 0.000000 1.000000 0.000000 0.000000 0.000000 0.000000 1.000000
1.000000 0.000000 0.000000 0.000000 0.000000 1.000000 0.000000 0.000000 0.000000 0.000000 1.000000 0.000000 0.000000 0.000000 0.000000 1.000000
1.000000 0.000000 0.000000 0.000000 0.000000 1.000000 0.000000 0.000000 0.000000 0.000000 1.000000 0.000000 0.000000 0.000000 0.000000 1.000000
1.000000 0.000000 0.000000 0.000000 0.000000 1.000000 0.000000 0.000000 0.000000 0.000000 1.000000 0.000000 0.000000 0.000000 0.000000 1.000000
1.000000 0.000000 0.000000 0.000000 0.000000 1.000000 0.000000 0.000000 0.000000 0.000000 1.000000 0.000000 0.000000 0.000000 0.000000 1.000000
1.000000 0.000000 0.000000 0.000000 0.000000 1.000000 0.000000 0.000000 0.000000 0.000000 1.000000 0.000000 0.000000 0.000000 0.000000 1.000000
1.000000 0.000000 0.000000 0.000000 0.000000 1.000000 0.000000 0.000000 0.000000 0.000000 1.000000 0.000000 0.000000 0.000000 0.000000 1.000000
1.000000 0.000000 0.000000 0.000000 0.000000 1.000000 0.000000 0.000000 0.000000 0.000000 1.000000 0.000000 0.000000 0.000000 0.000000 1.000000
1.000000 0.000000 0.000000 0.000000 0.000000 1.000000 0.000000 0.000000 0.000000 0.000000 1.000000 0.000000 0.000000 0.000000 0.000000 1.000000
1.000000 0.000000 0.000000 0.000000 0.000000 1.000000 0.000000 0.000000 0.000000 0.000000 1.000000 0.000000 0.000000 0.000000 0.000000 1.000000
1.000000 0.000000 0.000000 0.000000 0.000000 1.000000 0.000000 0.000000 0.000000 0.000000 1.000000 0.000000 0.000000 0.000000 0.000000 1.000000
1.000000 0.000000 0.000000 0.000000 0.000000 1.000000 0.000000 0.000000 0.000000 0.000000 1.000000 0.000000 0.000000 0.000000 0.000000 1.000000
1.000000 0.000000 0.000000 0.000000 0.000000 1.000000 0.000000 0.000000 0.000000 0.000000 1.000000 0.000000 0.000000 0.000000 0.000000 1.000000
1.000000 0.000000 0.000000 0.000000 0.000000 1.000000 0.000000 0.000000 0.000000 0.000000 1.000000 0.000000 0.000000 0.000000 0.000000 1.000000
1.000000 0.000000 0.000000 0.000000 0.000000 1.000000 0.000000 0.000000 0.000000 0.000000 1.000000 0.000000 0.000000 0.000000 0.000000 1.000000
1.000000 0.000000 0.000000 0.000000 0.000000 1.000000 0.000000 0.000000 0.000000 0.000000 1.000000 0.000000 0.000000 0.000000 0.000000 1.000000
1.000000 0.000000 0.000000 0.000000 0.000000 1.000000 0.000000 0.000000 0.000000 0.000000 1.000000 0.000000 0.000000 0.000000 0.000000 1.000000
1.000000 0.000000 0.000000 0.000000 0.000000 1.000000 0.000000 0.000000 0.000000 0.000000 1.000000 0.000000 0.000000 0.000000 0.000000 1.000000
1.000000 0.000000 0.000000 0.000000 0.000000 1.000000 0.000000 0.000000 0.000000 0.000000 1.000000 0.000000 0.000000 0.000000 0.000000 1.000000
1.000000 0.000000 0.000000 0.000000 0.000000 1.000000 0.000000 0.000000 0.000000 0.000000 1.000000 0.000000 0.000000 0.000000 0.000000 1.000000
1.000000 0.000000 0.000000 0.000000 0.000000 1.000000 0.000000 0.000000 0.000000 0.000000 1.000000 0.000000 0.000000 0.000000 0.000000 1.000000
1.000000 0.000000 0.000000 0.000000 0.000000 1.000000 0.000000 0.000000 0.000000 0.000000 1.000000 0.000000 0.000000 0.000000 0.000000 1.000000
1.000000 0.000000 0.000000 0.000000 0.000000 1.000000 0.000000 0.000000 0.000000 0.000000 1.000000 0.000000 0.000000 0.000000 0.000000 1.000000
1.000000 0.000000 0.000000 0.000000 0.000000 1.000000 0.000000 0.000000 0.000000 0.000000 1.000000 0.000000 0.000000 0.000000 0.000000 1.000000
1.000000 0.000000 0.000000 0.000000 0.000000 1.000000 0.000000 0.000000 0.000000 0.000000 1.000000 0.000000 0.000000 0.000000 0.000000 1.000000
1.000000 0.000000 0.000000 0.000000 0.000000 1.000000 0.000000 0.000000 0.000000 0.000000 1.000000 0.000000 0.000000 0.000000 0.000000 1.000000
1.000000 0.000000 0.000000 0.000000 0.000000 1.000000 0.000000 0.000000 0.000000 0.000000 1.000000 0.000000 0.000000 0.000000 0.000000 1.000000
1.000000 0.000000 0.000000 0.000000 0.000000 1.000000 0.000000 0.000000 0.000000 0.000000 1.000000 0.000000 0.000000 0.000000 0.000000 1.000000
1.000000 0.000000 0.000000 0.000000 0.000000 1.000000 0.000000 0.000000 0.000000 0.000000 1.000000 0.000000 0.000000 0.000000 0.000000 1.000000
1.000000 0.000000 0.000000 0.000000 0.000000 1.000000 0.000000 0.000000 0.000000 0.000000 1.000000 0.000000 0.000000 0.000000 0.000000 1.000000
1.000000 0.000000 0.000000 0.000000 0.000000 1.000000 0.000000 0.000000 0.000000 0.000000 1.000000 0.000000 0.000000 0.000000 0.000000 1.000000
1.000000 0.000000 0.000000 0.000000 0.000000 1.000000 0.000000 0.000000 0.000000 0.000000 1.000000 0.000000 0.000000 0.000000 0.000000 1.000000
1.000000 0.000000 0.000000 0.000000 0.000000 1.000000 0.000000 0.000000 0.000000 0.000000 1.000000 0.000000 0.000000 0.000000 0.000000 1.000000
1.000000 0.000000 0.000000 0.000000 0.000000 1.000000 0.000000 0.000000 0.000000 0.000000 1.000000 0.000000 0.000000 0.000000 0.000000 1.000000
1.000000 0.000000 0.000000 0.000000 0.000000 1.000000 0.000000 0.000000 0.000000 0.000000 1.000000 0.000000 0.000000 0.000000 0.000000 1.000000
1.000000 0.000000 0.000000 0.000000 0.000000 1.000000 0.000000 0.000000 0.000000 0.000000 1.000000 0.000000 0.000000 0.000000 0.000000 1.000000
1.000000 0.000000 0.000000 0.000000 0.000000 1.000000 0.000000 0.000000 0.000000 0.000000 1.000000 0.000000 0.000000 0.000000 0.000000 1.000000
1.000000 0.000000 0.000000 0.000000 0.000000 1.000000 0.000000 0.000000 0.000000 0.000000 1.000000 0.000000 0.000000 0.000000 0.000000 1.000000
1.000000 0.000000 0.000000 0.000000 0.000000 1.000000 0.000000 0.000000 0.000000 0.000000 1.000000 0.000000 0.000000 0.000000 0.000000 1.000000
1.000000 0.000000 0.000000 0.000000 0.000000 1.000000 0.000000 0.000000 0.000000 0.000000 1.000000 0.000000 0.000000 0.000000 0.000000 1.000000
1.000000 0.000000 0.000000 0.000000 0.000000 1.000000 0.000000 0.000000 0.000000 0.000000 1.000000 0.000000 0.000000 0.000000 0.000000 1.000000
1.000000 0.000000 0.000000 0.000000 0.000000 1.000000 0.000000 0.000000 0.000000 0.000000 1.000000 0.000000 0.000000 0.000000 0.000000 1.000000
1.000000 0.000000 0.000000 0.000000 0.000000 1.000000 0.000000 0.000000 0.000000 0.000000 1.000000 0.000000 0.000000 0.000000 0.000000 1.000000
1.000000 0.000000 0.000000 0.000000 0.000000 1.000000 0.000000 0.000000 0.000000 0.000000 1.000000 0.000000 0.000000 0.000000 0.000000 1.000000
1.000000 0.000000 0.000000 0.000000 0.000000 1.000000 0.000000 0.000000 0.000000 0.000000 1.000000 0.000000 0.000000 0.000000 0.000000 1.000000
1.000000 0.000000 0.000000 0.000000 0.000000 1.000000 0.000000 0.000000 0.000000 0.000000 1.000000 0.000000 0.000000 0.000000 0.000000 1.000000
1.000000 0.000000 0.000000 0.000000 0.000000 1.000000 0.000000 0.000000 0.000000 0.000000 1.000000 0.000000 0.000000 0.000000 0.000000 1.000000
1.000000 0.000000 0.000000 0.000000 0.000000 1.000000 0.000000 0.000000 0.000000 0.000000 1.000000 0.000000 0.000000 0.000000 0.000000 1.000000
1.000000 0.000000 0.000000 0.000000 0.000000 1.000000 0.000000 0.000000 0.000000 0.000000 1.000000 0.000000 0.000000 0.000000 0.000000 1.000000
1.000000 0.000000 0.000000 0.000000 0.000000 1.000000 0.000000 0.000000 0.000000 0.000000 1.000000 0.000000 0.000000 0.000000 0.000000 1.000000
1.000000 0.000000 0.000000 0.000000 0.000000 1.000000 0.000000 0.000000 0.000000 0.000000 1.000000 0.000000 0.000000 0.000000 0.000000 1.000000
1.000000 0.000000 0.000000 0.000000 0.000000 1.000000 0.000000 0.000000 0.000000 0.000000 1.000000 0.000000 0.000000 0.000000 0.000000 1.000000
1.000000 0.000000 0.000000 0.000000 0.000000 1.000000 0.000000 0.000000 0.000000 0.000000 1.000000 0.000000 0.000000 0.000000 0.000000 1.000000
1.000000 0.000000 0.000000 0.000000 0.000000 1.000000 0.000000 0.000000 0.000000 0.000000 1.000000 0.000000 0.000000 0.000000 0.000000 1.000000
1.000000 0.000000 0.000000 0.000000 0.000000 1.000000 0.000000 0.000000 0.000000 0.000000 1.000000 0.000000 0.000000 0.000000 0.000000 1.000000
1.000000 0.000000 0.000000 0.000000 0.000000 1.000000 0.000000 0.000000 0.000000 0.000000 1.000000 0.000000 0.000000 0.000000 0.000000 1.000000
1.000000 0.000000 0.000000 0.000000 0.000000 1.000000 0.000000 0.000000 0.000000 0.000000 1.000000 0.000000 0.000000 0.000000 0.000000 1.000000
1.000000 0.000000 0.000000 0.000000 0.000000 1.000000 0.000000 0.000000 0.000000 0.000000 1.000000 0.000000 0.000000 0.000000 0.000000 1.000000
1.000000 0.000000 0.000000 0.000000 0.000000 1.000000 0.000000 0.000000 0.000000 0.000000 1.000000 0.000000 0.000000 0.000000 0.000000 1.000000
1.000000 0.000000 0.000000 0.000000 0.000000 1.000000 0.000000 0.000000 0.000000 0.000000 1.000000 0.000000 0.000000 0.000000 0.000000 1.000000
1.000000 0.000000 0.000000 0.000000 0.000000 1.000000 0.000000 0.000000 0.000000 0.000000 1.000000 0.000000 0.000000 0.000000 0.000000 1.000000
1.000000 0.000000 0.000000 0.000000 0.000000 1.000000 0.000000 0.000000 0.000000 0.000000 1.000000 0.000000 0.000000 0.000000 0.000000 1.000000
1.000000 0.000000 0.000000 0.000000 0.000000 1.000000 0.000000 0.000000 0.000000 0.000000 1.000000 0.000000 0.000000 0.000000 0.000000 1.000000
1.000000 0.000000 0.000000 0.000000 0.000000 1.000000 0.000000 0.000000 0.000000 0.000000 1.000000 0.000000 0.000000 0.000000 0.000000 1.000000
1.000000 0.000000 0.000000 0.000000 0.000000 1.000000 0.000000 0.000000 0.000000 0.000000 1.000000 0.000000 0.000000 0.000000 0.000000 1.000000
1.000000 0.000000 0.000000 0.000000 0.000000 1.000000 0.000000 0.000000 0.000000 0.000000 1.000000 0.000000 0.000000 0.000000 0.000000 1.000000
1.000000 0.000000 0.000000 0.000000 0.000000 1.000000 0.000000 0.000000 0.000000 0.000000 1.000000 0.000000 0.000000 0.000000 0.000000 1.000000
1.000000 0.000000 0.000000 0.000000 0.000000 1.000000 0.000000 0.000000 0.000000 0.000000 1.000000 0.000000 0.000000 0.000000 0.000000 1.000000
1.000000 0.000000 0.000000 0.000000 0.000000 1.000000 0.000000 0.000000 0.000000 0.000000 1.000000 0.000000 0.000000 0.000000 0.000000 1.000000
1.000000 0.000000 0.000000 0.000000 0.000000 1.000000 0.000000 0.000000 0.000000 0.000000 1.000000 0.000000 0.000000 0.000000 0.000000 1.000000
1.000000 0.000000 0.000000 0.000000 0.000000 1.000000 0.000000 0.000000 0.000000 0.000000 1.000000 0.000000 0.000000 0.000000 0.000000 1.000000
1.000000 0.000000 0.000000 0.000000 0.000000 1.000000 0.000000 0.000000 0.000000 0.000000 1.000000 0.000000 0.000000 0.000000 0.000000 1.000000
1.000000 0.000000 0.000000 0.000000 0.000000 1.000000 0.000000 0.000000 0.000000 0.000000 1.000000 0.000000 0.000000 0.000000 0.000000 1.000000
1.000000 0.000000 0.000000 0.000000 0.000000 1.000000 0.000000 0.000000 0.000000 0.000000 1.000000 0.000000 0.000000 0.000000 0.000000 1.000000
1.000000 0.000000 0.000000 0.000000 0.000000 1.000000 0.000000 0.000000 0.000000 0.000000 1.000000 0.000000 0.000000 0.000000 0.000000 1.000000
1.000000 0.000000 0.000000 0.000000 0.000000 1.000000 0.000000 0.000000 0.000000 0.000000 1.000000 0.000000 0.000000 0.000000 0.000000 1.000000
1.000000 0.000000 0.000000 0.000000 0.000000 1.000000 0.000000 0.000000 0.000000 0.000000 1.000000 0.000000 0.000000 0.000000 0.000000 1.000000
1.000000 0.000000 0.000000 0.000000 0.000000 1.000000 0.000000 0.000000 0.000000 0.000000 1.000000 0.000000 0.000000 0.000000 0.000000 1.000000
1.000000 0.000000 0.000000 0.000000 0.000000 1.000000 0.000000 0.000000 0.000000 0.000000 1.000000 0.000000 0.000000 0.000000 0.000000 1.000000
1.000000 0.000000 0.000000 0.000000 0.000000 1.000000 0.000000 0.000000 0.000000 0.000000 1.000000 0.000000 0.000000 0.000000 0.000000 1.000000
1.000000 0.000000 0.000000 0.000000 0.000000 1.000000 0.000000 0.000000 0.000000 0.000000 1.000000 0.000000 0.000000 0.000000 0.000000 1.000000
1.000000 0.000000 0.000000 0.000000 0.000000 1.000000 0.000000 0.000000 0.000000 0.000000 1.000000 0.000000 0.000000 0.000000 0.000000 1.000000
1.000000 0.000000 0.000000 0.000000 0.000000 1.000000 0.000000 0.000000 0.000000 0.000000 1.000000 0.000000 0.000000 0.000000 0.000000 1.000000
1.000000 0.000000 0.000000 0.000000 0.000000 1.000000 0.000000 0.000000 0.000000 0.000000 1.000000 0.000000 0.000000 0.000000 0.000000 1.000000
1.000000 0.000000 0.000000 0.000000 0.000000 1.000000 0.000000 0.000000 0.000000 0.000000 1.000000 0.000000 0.000000 0.000000 0.000000 1.000000
1.000000 0.000000 0.000000 0.000000 0.000000 1.000000 0.000000 0.000000 0.000000 0.000000 1.000000 0.000000 0.000000 0.000000 0.000000 1.000000
1.000000 0.000000 0.000000 0.000000 0.000000 1.000000 0.000000 0.000000 0.000000 0.000000 1.000000 0.000000 0.000000 0.000000 0.000000 1.000000
1.000000 0.000000 0.000000 0.000000 0.000000 1.000000 0.000000 0.000000 0.000000 0.000000 1.000000 0.000000 0.000000 0.000000 0.000000 1.000000
1.000000 0.000000 0.000000 0.000000 0.000000 1.000000 0.000000 0.000000 0.000000 0.000000 1.000000 0.000000 0.000000 0.000000 0.000000 1.000000
1.000000 0.000000 0.000000 0.000000 0.000000 1.000000 0.000000 0.000000 0.000000 0.000000 1.000000 0.000000 0.000000 0.000000 0.000000 1.000000
1.000000 0.000000 0.000000 0.000000 0.000000 1.000000 0.000000 0.000000 0.000000 0.000000 1.000000 0.000000 0.000000 0.000000 0.000000 1.000000
1.000000 0.000000 0.000000 0.000000 0.000000 1.000000 0.000000 0.000000 0.000000 0.000000 1.000000 0.000000 0.000000 0.000000 0.000000 1.000000
1.000000 0.000000 0.000000 0.000000 0.000000 1.000000 0.000000 0.000000 0.000000 0.000000 1.000000 0.000000 0.000000 0.000000 0.000000 1.000000
1.000000 0.000000 0.000000 0.000000 0.000000 1.000000 0.000000 0.000000 0.000000 0.000000 1.000000 0.000000 0.000000 0.000000 0.000000 1.000000
1.000000 0.000000 0.000000 0.000000 0.000000 1.000000 0.000000 0.000000 0.000000 0.000000 1.000000 0.000000 0.000000 0.000000 0.000000 1.000000
1.000000 0.000000 0.000000 0.000000 0.000000 1.000000 0.000000 0.000000 0.000000 0.000000 1.000000 0.000000 0.000000 0.000000 0.000000 1.000000
1.000000 0.000000 0.000000 0.000000 0.000000 1.000000 0.000000 0.000000 0.000000 0.000000 1.000000 0.000000 0.000000 0.000000 0.000000 1.000000
1.000000 0.000000 0.000000 0.000000 0.000000 1.000000 0.000000 0.000000 0.000000 0.000000 1.000000 0.000000 0.000000 0.000000 0.000000 1.000000
1.000000 0.000000 0.000000 0.000000 0.000000 1.000000 0.000000 0.000000 0.000000 0.000000 1.000000 0.000000 0.000000 0.000000 0.000000 1.000000
1.000000 0.000000 0.000000 0.000000 0.000000 1.000000 0.000000 0.000000 0.000000 0.000000 1.000000 0.000000 0.000000 0.000000 0.000000 1.000000
1.000000 0.000000 0.000000 0.000000 0.000000 1.000000 0.000000 0.000000 0.000000 0.000000 1.000000 0.000000 0.000000 0.000000 0.000000 1.000000
1.000000 0.000000 0.000000 0.000000 0.000000 1.000000 0.000000 0.000000 0.000000 0.000000 1.000000 0.000000 0.000000 0.000000 0.000000 1.000000
1.000000 0.000000 0.000000 0.000000 0.000000 1.000000 0.000000 0.000000 0.000000 0.000000 1.000000 0.000000 0.000000 0.000000 0.000000 1.000000
1.000000 0.000000 0.000000 0.000000 0.000000 1.000000 0.000000 0.000000 0.000000 0.000000 1.000000 0.000000 0.000000 0.000000 0.000000 1.000000
1.000000 0.000000 0.000000 0.000000 0.000000 1.000000 0.000000 0.000000 0.000000 0.000000 1.000000 0.000000 0.000000 0.000000 0.000000 1.000000
1.000000 0.000000 0.000000 0.000000 0.000000 1.000000 0.000000 0.000000 0.000000 0.000000 1.000000 0.000000 0.000000 0.000000 0.000000 1.000000
1.000000 0.000000 0.000000 0.000000 0.000000 1.000000 0.000000 0.000000 0.000000 0.000000 1.000000 0.000000 0.000000 0.000000 0.000000 1.000000</float_array>
        <technique_common>
          <accessor source="#Armature-Matrix-animation-output-transform-array" count="137" stride="16">
            <param type="float4x4"/>
          </accessor>
        </technique_common>
      </source>
      <source id="Armature-Interpolations">
        <Name_array id="Armature-Interpolations-array" count="137">
 LINEAR LINEAR LINEAR LINEAR LINEAR LINEAR LINEAR LINEAR LINEAR LINEAR LINEAR
LINEAR LINEAR LINEAR LINEAR LINEAR LINEAR LINEAR LINEAR LINEAR LINEAR LINEAR LINEAR
LINEAR LINEAR LINEAR LINEAR LINEAR LINEAR LINEAR LINEAR LINEAR LINEAR LINEAR LINEAR
LINEAR LINEAR LINEAR LINEAR LINEAR LINEAR LINEAR LINEAR LINEAR LINEAR LINEAR LINEAR
LINEAR LINEAR LINEAR LINEAR LINEAR LINEAR LINEAR LINEAR LINEAR LINEAR LINEAR LINEAR
LINEAR LINEAR LINEAR LINEAR LINEAR LINEAR LINEAR LINEAR LINEAR LINEAR LINEAR LINEAR
LINEAR LINEAR LINEAR LINEAR LINEAR LINEAR LINEAR LINEAR LINEAR LINEAR LINEAR LINEAR
LINEAR LINEAR LINEAR LINEAR LINEAR LINEAR LINEAR LINEAR LINEAR LINEAR LINEAR LINEAR
LINEAR LINEAR LINEAR LINEAR LINEAR LINEAR LINEAR LINEAR LINEAR LINEAR LINEAR LINEAR
LINEAR LINEAR LINEAR LINEAR LINEAR LINEAR LINEAR LINEAR LINEAR LINEAR LINEAR LINEAR
LINEAR LINEAR LINEAR LINEAR LINEAR LINEAR LINEAR LINEAR LINEAR LINEAR LINEAR LINEAR
LINEAR LINEAR LINEAR LINEAR LINEAR LINEAR</Name_array>
        <technique_common>
          <accessor source="#Armature-Interpolations-array" count="137">
            <param type="name"/>
          </accessor>
        </technique_common>
      </source>
      <sampler id="Armature-Matrix-animation-transform">
        <input semantic="INPUT" source="#Armature-Matrix-animation-input"/>
        <input semantic="OUTPUT" source="#Armature-Matrix-animation-output-transform"/>
        <input semantic="INTERPOLATION" source="#Armature-Interpolations"/>
      </sampler>
      <channel source="#Armature-Matrix-animation-transform" target="Armature/matrix"/>
    </animation>
    <animation id="mixamorig_Hips-anim" name="mixamorig_Hips">
      <source id="mixamorig_Hips-Matrix-animation-input">
        <float_array id="mixamorig_Hips-Matrix-animation-input-array" count="137">

0.000000 0.033333 0.066667 0.100000 0.133333 0.166667 0.200000 0.233333 0.266667 0.300000 0.333333 0.366667 0.400000 0.433333 0.466667 0.500000
0.533333 0.566667 0.600000 0.633333 0.666667 0.700000 0.733333 0.766667 0.800000 0.833333 0.866667 0.900000 0.933333 0.966667 1.000000 1.033333
1.066667 1.100000 1.133333 1.166667 1.200000 1.233333 1.266667 1.300000 1.333333 1.366667 1.400000 1.433333 1.466667 1.500000 1.533333 1.566667
1.600000 1.633333 1.666667 1.700000 1.733333 1.766667 1.800000 1.833333 1.866667 1.900000 1.933333 1.966667 2.000000 2.033333 2.066667 2.100000
2.133333 2.166667 2.200000 2.233333 2.266667 2.300000 2.333333 2.366667 2.400000 2.433333 2.466667 2.500000 2.533333 2.566667 2.600000 2.633333
2.666667 2.700000 2.733333 2.766667 2.800000 2.833333 2.866667 2.900000 2.933333 2.966667 3.000000 3.033333 3.066667 3.100000 3.133333 3.166667
3.200000 3.233333 3.266667 3.300000 3.333333 3.366667 3.400000 3.433333 3.466667 3.500000 3.533333 3.566667 3.600000 3.633333 3.666667 3.700000
3.733333 3.766667 3.800000 3.833333 3.866667 3.900000 3.933333 3.966667 4.000000 4.033333 4.066667 4.100000 4.133333 4.166667 4.200000 4.233333
4.266667 4.300000 4.333333 4.366667 4.400000 4.433333 4.466667 4.500000 4.533333</float_array>
        <technique_common>
          <accessor source="#mixamorig_Hips-Matrix-animation-input-array" count="137">
            <param name="TIME" type="float"/>
          </accessor>
        </technique_common>
      </source>
      <source id="mixamorig_Hips-Matrix-animation-output-transform">
        <float_array id="mixamorig_Hips-Matrix-animation-output-transform-array" count="2192">

0.995103 0.065385 -0.074120 -1.196054 -0.088963 0.265779 -0.959920 74.808716 -0.043065 0.961814 0.270294 8.533880 0.000000 0.000000 0.000000 1.000000
0.994856 0.060863 -0.080982 -1.236213 -0.094223 0.262305 -0.960374 74.971497 -0.037209 0.963064 0.266690 8.407297 0.000000 0.000000 0.000000 1.000000
0.994613 0.056076 -0.087176 -1.285692 -0.098789 0.258183 -0.961032 75.166290 -0.031384 0.964467 0.262332 8.304984 0.000000 0.000000 0.000000 1.000000
0.994275 0.052035 -0.093321 -1.355433 -0.103538 0.253508 -0.961776 75.369598 -0.026389 0.965933 0.257444 8.268036 0.000000 0.000000 0.000000 1.000000
0.993647 0.048615 -0.101502 -1.393678 -0.110428 0.247114 -0.962674 75.530396 -0.021717 0.967766 0.250912 8.200694 0.000000 0.000000 0.000000 1.000000
0.992850 0.044803 -0.110639 -1.356110 -0.118190 0.239169 -0.963758 75.659096 -0.016718 0.969944 0.242754 8.119263 0.000000 0.000000 0.000000 1.000000
0.992179 0.040119 -0.118204 -1.242132 -0.124314 0.231866 -0.964772 75.741280 -0.011298 0.971920 0.235040 8.050249 0.000000 0.000000 0.000000 1.000000
0.991692 0.035116 -0.123746 -1.062952 -0.128498 0.226592 -0.965476 75.772812 -0.005864 0.973357 0.229222 8.040499 0.000000 0.000000 0.000000 1.000000
0.991295 0.030686 -0.128034 -0.859337 -0.131654 0.221827 -0.966157 75.778549 -0.001246 0.974603 0.223936 8.041556 0.000000 0.000000 0.000000 1.000000
0.991054 0.026355 -0.130836 -0.683992 -0.133431 0.217164 -0.966973 75.768555 0.002929 0.975779 0.218738 7.968833 0.000000 0.000000 0.000000 1.000000
0.991003 0.022332 -0.131961 -0.542219 -0.133677 0.213414 -0.967773 75.720192 0.006550 0.976707 0.214480 7.869207 0.000000 0.000000 0.000000 1.000000
0.990945 0.018822 -0.132940 -0.460965 -0.133919 0.209682 -0.968555 75.633835 0.009645 0.977588 0.210304 7.738276 0.000000 0.000000 0.000000 1.000000
0.990679 0.016087 -0.135266 -0.432860 -0.135677 0.205113 -0.969289 75.522713 0.012152 0.978606 0.205384 7.569975 0.000000 0.000000 0.000000 1.000000
0.990304 0.013566 -0.138250 -0.428367 -0.138177 0.198560 -0.970299 75.412247 0.014288 0.979995 0.198509 7.400766 0.000000 0.000000 0.000000 1.000000
0.989903 0.010289 -0.141372 -0.433072 -0.140721 0.191051 -0.971441 75.306732 0.017014 0.981526 0.190570 7.263401 0.000000 0.000000 0.000000 1.000000
0.989456 0.006530 -0.144684 -0.465015 -0.143408 0.183854 -0.972436 75.209557 0.020251 0.982932 0.182852 7.160611 0.000000 0.000000 0.000000 1.000000
0.989190 0.003008 -0.146609 -0.491130 -0.144847 0.175893 -0.973695 75.130905 0.022859 0.984405 0.174427 7.123649 0.000000 0.000000 0.000000 1.000000
0.989029 -0.000600 -0.147723 -0.522187 -0.145547 0.167060 -0.975145 75.084358 0.025264 0.985947 0.165140 7.089092 0.000000 0.000000 0.000000 1.000000
0.988616 -0.004060 -0.150408 -0.561472 -0.147875 0.158358 -0.976246 75.064240 0.027782 0.987373 0.155955 7.038753 0.000000 0.000000 0.000000 1.000000
0.987962 -0.007431 -0.154519 -0.576165 -0.151672 0.150055 -0.976974 75.056816 0.030446 0.988650 0.147121 7.019768 0.000000 0.000000 0.000000 1.000000
0.987356 -0.010830 -0.158147 -0.592057 -0.155019 0.142460 -0.977586 75.052834 0.033117 0.989741 0.138980 7.011893 0.000000 0.000000 0.000000 1.000000
0.986832 -0.013698 -0.161165 -0.613662 -0.157843 0.136010 -0.978053 75.035599 0.035317 0.990613 0.132057 7.018409 0.000000 0.000000 0.000000 1.000000
0.986405 -0.017393 -0.163411 -0.625980 -0.159776 0.131068 -0.978413 75.008080 0.038436 0.991221 0.126507 7.004379 0.000000 0.000000 0.000000 1.000000
0.986024 -0.023230 -0.164975 -0.618199 -0.160767 0.127116 -0.978772 74.971115 0.043708 0.991616 0.121605 7.101990 0.000000 0.000000 0.000000 1.000000
0.985578 -0.028253 -0.166847 -0.609597 -0.162191 0.123555 -0.978994 74.934982 0.048274 0.991935 0.117191 7.341418 0.000000 0.000000 0.000000 1.000000
0.985266 -0.032037 -0.168002 -0.629053 -0.163018 0.121205 -0.979150 74.924950 0.051732 0.992110 0.114197 7.554987 0.000000 0.000000 0.000000 1.000000
0.985126 -0.035864 -0.168048 -0.654029 -0.162728 0.119403 -0.979420 74.938797 0.055191 0.992198 0.111791 7.803720 0.000000 0.000000 0.000000 1.000000
0.985022 -0.039251 -0.167902 -0.669831 -0.162295 0.117849 -0.979679 74.958412 0.058240 0.992256 0.109714 8.093022 0.000000 0.000000 0.000000 1.000000
0.985028 -0.042350 -0.167113 -0.702030 -0.161208 0.117240 -0.979932 74.966202 0.061092 0.992200 0.108657 8.357496 0.000000 0.000000 0.000000 1.000000
0.985536 -0.044186 -0.163607 -0.727946 -0.157535 0.116997 -0.980558 74.966248 0.062469 0.992149 0.108344 8.632281 0.000000 0.000000 0.000000 1.000000
0.986540 -0.044267 -0.157415 -0.750859 -0.151404 0.116379 -0.981597 74.976242 0.061772 0.992218 0.108110 8.923466 0.000000 0.000000 0.000000 1.000000
0.987513 -0.043860 -0.151309 -0.782811 -0.145452 0.115088 -0.982649 75.007301 0.060513 0.992387 0.107271 9.215305 0.000000 0.000000 0.000000 1.000000
0.988204 -0.043111 -0.146952 -0.806685 -0.141276 0.113774 -0.983411 75.066887 0.059115 0.992571 0.106341 9.566041 0.000000 0.000000 0.000000 1.000000
0.988573 -0.042550 -0.144616 -0.804424 -0.139116 0.111981 -0.983924 75.098640 0.058060 0.992799 0.104782 9.907524 0.000000 0.000000 0.000000 1.000000
0.988811 -0.041433 -0.143301 -0.788779 -0.138059 0.109630 -0.984338 75.100250 0.056494 0.993109 0.102683 10.243719 0.000000 0.000000 0.000000 1.000000
0.988910 -0.040070 -0.143008 -0.764352 -0.138033 0.107368 -0.984591 75.073540 0.054807 0.993412 0.100646 10.575541 0.000000 0.000000 0.000000 1.000000
0.988705 -0.038858 -0.144747 -0.715265 -0.140002 0.105218 -0.984545 75.024826 0.053487 0.993690 0.098590 10.874891 0.000000 0.000000 0.000000 1.000000
0.988295 -0.037745 -0.147812 -0.625302 -0.143296 0.102724 -0.984334 74.970230 0.052338 0.993993 0.096113 11.161966 0.000000 0.000000 0.000000 1.000000
0.987874 -0.037295 -0.150712 -0.526080 -0.146373 0.099960 -0.984166 74.915443 0.051770 0.994292 0.093289 11.416831 0.000000 0.000000 0.000000 1.000000
0.987435 -0.037049 -0.153624 -0.437522 -0.149371 0.098523 -0.983861 74.850555 0.051587 0.994445 0.091751 11.643681 0.000000 0.000000 0.000000 1.000000
0.986992 -0.036793 -0.156506 -0.344617 -0.152237 0.099079 -0.983365 74.775314 0.051688 0.994399 0.092189 11.852158 0.000000 0.000000 0.000000 1.000000
0.986550 -0.037037 -0.159210 -0.227456 -0.154801 0.101127 -0.982756 74.713554 0.052499 0.994184 0.094034 12.033270 0.000000 0.000000 0.000000 1.000000
0.986424 -0.036700 -0.160063 -0.104500 -0.155536 0.103896 -0.982351 74.676674 0.052682 0.993911 0.096778 12.201660 0.000000 0.000000 0.000000 1.000000
0.986730 -0.035064 -0.158536 0.013344 -0.154015 0.106998 -0.982258 74.636490 0.051405 0.993641 0.100177 12.339571 0.000000 0.000000 0.000000 1.000000
0.987121 -0.032819 -0.156576 0.135123 -0.152117 0.110480 -0.982168 74.569069 0.049532 0.993336 0.104065 12.438962 0.000000 0.000000 0.000000 1.000000
0.987457 -0.030449 -0.154926 0.248347 -0.150520 0.114749 -0.981925 74.493187 0.047677 0.992928 0.108727 12.507817 0.000000 0.000000 0.000000 1.000000
0.987930 -0.027453 -0.152449 0.342213 -0.148205 0.118726 -0.981804 74.432816 0.045053 0.992547 0.113224 12.529350 0.000000 0.000000 0.000000 1.000000
0.988443 -0.024045 -0.149676 0.421991 -0.145677 0.122520 -0.981716 74.369232 0.041943 0.992175 0.117601 12.479392 0.000000 0.000000 0.000000 1.000000
0.988784 -0.021144 -0.147847 0.488937 -0.144001 0.127614 -0.981315 74.288338 0.039616 0.991598 0.123138 12.388589 0.000000 0.000000 0.000000 1.000000
0.989050 -0.018662 -0.146399 0.539929 -0.142615 0.134372 -0.980615 74.210213 0.037972 0.990755 0.130239 12.291349 0.000000 0.000000 0.000000 1.000000
0.989366 -0.016043 -0.144559 0.577939 -0.140847 0.142286 -0.979753 74.145622 0.036287 0.989696 0.138513 12.189367 0.000000 0.000000 0.000000 1.000000
0.989708 -0.014165 -0.142397 0.600835 -0.138652 0.151247 -0.978724 74.089737 0.035401 0.988395 0.147726 12.090153 0.000000 0.000000 0.000000 1.000000
0.990073 -0.013686 -0.139883 0.607284 -0.135894 0.160878 -0.977574 74.032310 0.035883 0.986879 0.157421 12.002752 0.000000 0.000000 0.000000 1.000000
0.990509 -0.012936 -0.136840 0.582503 -0.132622 0.171581 -0.976202 73.957657 0.036107 0.985085 0.168237 11.916771 0.000000 0.000000 0.000000 1.000000
0.990900 -0.011910 -0.134069 0.517167 -0.129638 0.183422 -0.974449 73.855133 0.036197 0.982962 0.180209 11.798014 0.000000 0.000000 0.000000 1.000000
0.991383 -0.011502 -0.130486 0.418937 -0.125700 0.196742 -0.972364 73.737976 0.036856 0.980388 0.193601 11.651443 0.000000 0.000000 0.000000 1.000000
0.992107 -0.010772 -0.124934 0.297749 -0.119880 0.210831 -0.970144 73.626282 0.036790 0.977463 0.207876 11.515125 0.000000 0.000000 0.000000 1.000000
0.992761 -0.010120 -0.119677 0.160181 -0.114370 0.224534 -0.967731 73.531143 0.036665 0.974414 0.221751 11.390255 0.000000 0.000000 0.000000 1.000000
0.993244 -0.009628 -0.115643 0.032735 -0.110061 0.237668 -0.965091 73.458130 0.036777 0.971299 0.235003 11.289421 0.000000 0.000000 0.000000 1.000000
0.993720 -0.008234 -0.111588 -0.067246 -0.106023 0.249438 -0.962569 73.404266 0.035760 0.968356 0.246999 11.244655 0.000000 0.000000 0.000000 1.000000
0.994068 -0.006157 -0.108589 -0.158848 -0.103289 0.259316 -0.960253 73.354271 0.034071 0.965773 0.257142 11.241800 0.000000 0.000000 0.000000 1.000000
0.994211 -0.004893 -0.107338 -0.247211 -0.102154 0.266703 -0.958350 73.316460 0.033317 0.963766 0.264659 11.284298 0.000000 0.000000 0.000000 1.000000
0.994288 -0.004334 -0.106639 -0.316616 -0.101496 0.270573 -0.957334 73.336182 0.033002 0.962690 0.268588 11.367588 0.000000 0.000000 0.000000 1.000000
0.994311 -0.003822 -0.106451 -0.373876 -0.101452 0.270598 -0.957332 73.430717 0.032464 0.962685 0.268670 11.473764 0.000000 0.000000 0.000000 1.000000
0.994219 -0.004005 -0.107295 -0.430813 -0.102330 0.267212 -0.958189 73.583687 0.032508 0.963630 0.265257 11.640804 0.000000 0.000000 0.000000 1.000000
0.993887 -0.004708 -0.110298 -0.498656 -0.105252 0.261072 -0.959564 73.749725 0.033314 0.965308 0.258981 11.670312 0.000000 0.000000 0.000000 1.000000
0.993458 -0.004321 -0.114117 -0.561899 -0.109279 0.254165 -0.960967 73.924370 0.033156 0.967151 0.252030 11.619192 0.000000 0.000000 0.000000 1.000000
0.993175 -0.003929 -0.116566 -0.643784 -0.111957 0.248028 -0.962262 74.128288 0.032693 0.968745 0.245895 11.608238 0.000000 0.000000 0.000000 1.000000
0.992971 -0.003167 -0.118318 -0.717248 -0.114023 0.242540 -0.963418 74.333565 0.031748 0.970136 0.240474 11.520088 0.000000 0.000000 0.000000 1.000000
0.992524 -0.002629 -0.122021 -0.779888 -0.117910 0.237518 -0.964200 74.518532 0.031517 0.971379 0.235433 11.352295 0.000000 0.000000 0.000000 1.000000
0.991869 -0.003740 -0.127207 -0.837660 -0.122819 0.233670 -0.964528 74.655373 0.033332 0.972309 0.231311 11.152853 0.000000 0.000000 0.000000 1.000000
0.991168 -0.005544 -0.132495 -0.893570 -0.127636 0.231225 -0.964492 74.723145 0.035984 0.972885 0.228475 10.920589 0.000000 0.000000 0.000000 1.000000
0.990537 -0.006575 -0.137091 -0.939279 -0.131941 0.229491 -0.964327 74.761963 0.037802 0.973289 0.226452 10.679436 0.000000 0.000000 0.000000 1.000000
0.990045 -0.006966 -0.140580 -0.994113 -0.135274 0.228850 -0.964017 74.799042 0.038887 0.973437 0.225630 10.422142 0.000000 0.000000 0.000000 1.000000
0.989599 -0.007022 -0.143681 -1.060949 -0.138279 0.228894 -0.963580 74.822067 0.039654 0.973426 0.225543 10.170506 0.000000 0.000000 0.000000 1.000000
0.989054 -0.006146 -0.147428 -1.143650 -0.142117 0.229109 -0.962970 74.827469 0.039695 0.973381 0.225728 9.923970 0.000000 0.000000 0.000000 1.000000
0.988559 -0.004912 -0.150757 -1.237525 -0.145670 0.228272 -0.962638 74.832420 0.039142 0.973585 0.224944 9.686029 0.000000 0.000000 0.000000 1.000000
0.988220 -0.003826 -0.152993 -1.341389 -0.148189 0.225802 -0.962836 74.858315 0.038230 0.974166 0.222575 9.450908 0.000000 0.000000 0.000000 1.000000
0.987960 -0.003193 -0.154679 -1.484184 -0.150172 0.220631 -0.963727 74.916023 0.037204 0.975352 0.217495 9.164692 0.000000 0.000000 0.000000 1.000000
0.987786 -0.003677 -0.155775 -1.607992 -0.151445 0.212536 -0.965346 74.960426 0.036658 0.977146 0.209383 8.835103 0.000000 0.000000 0.000000 1.000000
0.987613 -0.003742 -0.156864 -1.593327 -0.152779 0.204923 -0.966781 74.941193 0.035762 0.978771 0.201813 8.559996 0.000000 0.000000 0.000000 1.000000
0.987382 -0.002173 -0.158343 -1.523653 -0.154711 0.200130 -0.967477 74.893341 0.033791 0.979767 0.197269 8.297850 0.000000 0.000000 0.000000 1.000000
0.987273 0.000178 -0.159037 -1.495386 -0.155958 0.196902 -0.967939 74.879753 0.031142 0.980423 0.194424 8.004472 0.000000 0.000000 0.000000 1.000000
0.987314 0.002604 -0.158758 -1.521467 -0.156206 0.195209 -0.968242 74.905457 0.028470 0.980758 0.193139 7.704647 0.000000 0.000000 0.000000 1.000000
0.987410 0.004548 -0.158114 -1.601334 -0.155964 0.194710 -0.968382 74.941338 0.026382 0.980850 0.192968 7.423293 0.000000 0.000000 0.000000 1.000000
0.987397 0.005009 -0.158183 -1.701991 -0.156109 0.195127 -0.968274 74.961594 0.026016 0.980765 0.193450 7.181576 0.000000 0.000000 0.000000 1.000000
0.987376 0.004208 -0.158338 -1.803605 -0.156087 0.195857 -0.968131 74.992134 0.026938 0.980623 0.194041 6.968120 0.000000 0.000000 0.000000 1.000000
0.987440 0.002549 -0.157973 -1.894490 -0.155393 0.196313 -0.968150 75.051804 0.028544 0.980538 0.194244 6.781775 0.000000 0.000000 0.000000 1.000000
0.987633 0.000570 -0.156779 -1.947916 -0.153835 0.196441 -0.968373 75.123024 0.030246 0.980515 0.194100 6.631067 0.000000 0.000000 0.000000 1.000000
0.988093 -0.000829 -0.153853 -1.982366 -0.150713 0.195852 -0.968983 75.204399 0.030935 0.980633 0.193395 6.509626 0.000000 0.000000 0.000000 1.000000
0.988713 -0.001341 -0.149818 -1.994335 -0.146705 0.194298 -0.969910 75.309090 0.030410 0.980942 0.191908 6.414033 0.000000 0.000000 0.000000 1.000000
0.989253 -0.001382 -0.146206 -1.994949 -0.143233 0.191669 -0.970952 75.428146 0.029365 0.981459 0.189411 6.332864 0.000000 0.000000 0.000000 1.000000
0.989646 -0.001019 -0.143526 -1.994172 -0.140791 0.187495 -0.972123 75.532951 0.027901 0.982265 0.185410 6.456568 0.000000 0.000000 0.000000 1.000000
0.990012 -0.000256 -0.140985 -1.978257 -0.138562 0.182862 -0.973325 75.621292 0.026030 0.983139 0.181000 6.727324 0.000000 0.000000 0.000000 1.000000
