<?xml version="1.0" encoding="utf-8"?>
<COLLADA xmlns="http://www.collada.org/2005/11/COLLADASchema" version="1.4.1">
  <asset>
    <contributor>
      <author>Mixamo</author>
      <authoring_tool>COLLADA Mixamo exporter</authoring_tool>
      <comments/>
    </contributor>
    <created>2024-03-23T02:47:22Z</created>
    <modified>2024-03-23T02:47:22Z</modified>
    <revision/>
    <title/>
    <unit meter="0.010000"/>
    <up_axis>Y_UP</up_axis>
  </asset>
  <library_animations>
    <animation id="Armature-anim" name="Armature">
      <source id="Armature-Matrix-animation-input">
        <float_array id="Armature-Matrix-animation-input-array" count="91">

0.000000 0.033333 0.066667 0.100000 0.133333 0.166667 0.200000 0.233333 0.266667 0.300000 0.333333 0.366667 0.400000 0.433333 0.466667 0.500000
0.533333 0.566667 0.600000 0.633333 0.666667 0.700000 0.733333 0.766667 0.800000 0.833333 0.866667 0.900000 0.933333 0.966667 1.000000 1.033333
1.066667 1.100000 1.133333 1.166667 1.200000 1.233333 1.266667 1.300000 1.333333 1.366667 1.400000 1.433333 1.466667 1.500000 1.533333 1.566667
1.600000 1.633333 1.666667 1.700000 1.733333 1.766667 1.800000 1.833333 1.866667 1.900000 1.933333 1.966667 2.000000 2.033333 2.066667 2.100000
2.133333 2.166667 2.200000 2.233333 2.266667 2.300000 2.333333 2.366667 2.400000 2.433333 2.466667 2.500000 2.533333 2.566667 2.600000 2.633333
2.666667 2.700000 2.733333 2.766667 2.800000 2.833333 2.866667 2.900000 2.933333 2.966667 3.000000</float_array>
        <technique_common>
          <accessor source="#Armature-Matrix-animation-input-array" count="91">
            <param name="TIME" type="float"/>
          </accessor>
        </technique_common>
      </source>
      <source id="Armature-Matrix-animation-output-transform">
        <float_array id="Armature-Matrix-animation-output-transform-array" count="1456">

1.000000 0.000000 0.000000 0.000000 0.000000 1.000000 0.000000 0.000000 0.000000 0.000000 1.000000 0.000000 0.000000 0.000000 0.000000 1.000000
1.000000 0.000000 0.000000 0.000000 0.000000 1.000000 0.000000 0.000000 0.000000 0.000000 1.000000 0.000000 0.000000 0.000000 0.000000 1.000000
1.000000 0.000000 0.000000 0.000000 0.000000 1.000000 0.000000 0.000000 0.000000 0.000000 1.000000 0.000000 0.000000 0.000000 0.000000 1.000000
1.000000 0.000000 0.000000 0.000000 0.000000 1.000000 0.000000 0.000000 0.000000 0.000000 1.000000 0.000000 0.000000 0.000000 0.000000 1.000000
1.000000 0.000000 0.000000 0.000000 0.000000 1.000000 0.000000 0.000000 0.000000 0.000000 1.000000 0.000000 0.000000 0.000000 0.000000 1.000000
1.000000 0.000000 0.000000 0.000000 0.000000 1.000000 0.000000 0.000000 0.000000 0.000000 1.000000 0.000000 0.000000 0.000000 0.000000 1.000000
1.000000 0.000000 0.000000 0.000000 0.000000 1.000000 0.000000 0.000000 0.000000 0.000000 1.000000 0.000000 0.000000 0.000000 0.000000 1.000000
1.000000 0.000000 0.000000 0.000000 0.000000 1.000000 0.000000 0.000000 0.000000 0.000000 1.000000 0.000000 0.000000 0.000000 0.000000 1.000000
1.000000 0.000000 0.000000 0.000000 0.000000 1.000000 0.000000 0.000000 0.000000 0.000000 1.000000 0.000000 0.000000 0.000000 0.000000 1.000000
1.000000 0.000000 0.000000 0.000000 0.000000 1.000000 0.000000 0.000000 0.000000 0.000000 1.000000 0.000000 0.000000 0.000000 0.000000 1.000000
1.000000 0.000000 0.000000 0.000000 0.000000 1.000000 0.000000 0.000000 0.000000 0.000000 1.000000 0.000000 0.000000 0.000000 0.000000 1.000000
1.000000 0.000000 0.000000 0.000000 0.000000 1.000000 0.000000 0.000000 0.000000 0.000000 1.000000 0.000000 0.000000 0.000000 0.000000 1.000000
1.000000 0.000000 0.000000 0.000000 0.000000 1.000000 0.000000 0.000000 0.000000 0.000000 1.000000 0.000000 0.000000 0.000000 0.000000 1.000000
1.000000 0.000000 0.000000 0.000000 0.000000 1.000000 0.000000 0.000000 0.000000 0.000000 1.000000 0.000000 0.000000 0.000000 0.000000 1.000000
1.000000 0.000000 0.000000 0.000000 0.000000 1.000000 0.000000 0.000000 0.000000 0.000000 1.000000 0.000000 0.000000 0.000000 0.000000 1.000000
1.000000 0.000000 0.000000 0.000000 0.000000 1.000000 0.000000 0.000000 0.000000 0.000000 1.000000 0.000000 0.000000 0.000000 0.000000 1.000000
1.000000 0.000000 0.000000 0.000000 0.000000 1.000000 0.000000 0.000000 0.000000 0.000000 1.000000 0.000000 0.000000 0.000000 0.000000 1.000000
1.000000 0.000000 0.000000 0.000000 0.000000 1.000000 0.000000 0.000000 0.000000 0.000000 1.000000 0.000000 0.000000 0.000000 0.000000 1.000000
1.000000 0.000000 0.000000 0.000000 0.000000 1.000000 0.000000 0.000000 0.000000 0.000000 1.000000 0.000000 0.000000 0.000000 0.000000 1.000000
1.000000 0.000000 0.000000 0.000000 0.000000 1.000000 0.000000 0.000000 0.000000 0.000000 1.000000 0.000000 0.000000 0.000000 0.000000 1.000000
1.000000 0.000000 0.000000 0.000000 0.000000 1.000000 0.000000 0.000000 0.000000 0.000000 1.000000 0.000000 0.000000 0.000000 0.000000 1.000000
1.000000 0.000000 0.000000 0.000000 0.000000 1.000000 0.000000 0.000000 0.000000 0.000000 1.000000 0.000000 0.000000 0.000000 0.000000 1.000000
1.000000 0.000000 0.000000 0.000000 0.000000 1.000000 0.000000 0.000000 0.000000 0.000000 1.000000 0.000000 0.000000 0.000000 0.000000 1.000000
1.000000 0.000000 0.000000 0.000000 0.000000 1.000000 0.000000 0.000000 0.000000 0.000000 1.000000 0.000000 0.000000 0.000000 0.000000 1.000000
1.000000 0.000000 0.000000 0.000000 0.000000 1.000000 0.000000 0.000000 0.000000 0.000000 1.000000 0.000000 0.000000 0.000000 0.000000 1.000000
1.000000 0.000000 0.000000 0.000000 0.000000 1.000000 0.000000 0.000000 0.000000 0.000000 1.000000 0.000000 0.000000 0.000000 0.000000 1.000000
1.000000 0.000000 0.000000 0.000000 0.000000 1.000000 0.000000 0.000000 0.000000 0.000000 1.000000 0.000000 0.000000 0.000000 0.000000 1.000000
1.000000 0.000000 0.000000 0.000000 0.000000 1.000000 0.000000 0.000000 0.000000 0.000000 1.000000 0.000000 0.000000 0.000000 0.000000 1.000000
1.000000 0.000000 0.000000 0.000000 0.000000 1.000000 0.000000 0.000000 0.000000 0.000000 1.000000 0.000000 0.000000 0.000000 0.000000 1.000000
1.000000 0.000000 0.000000 0.000000 0.000000 1.000000 0.000000 0.000000 0.000000 0.000000 1.000000 0.000000 0.000000 0.000000 0.000000 1.000000
1.000000 0.000000 0.000000 0.000000 0.000000 1.000000 0.000000 0.000000 0.000000 0.000000 1.000000 0.000000 0.000000 0.000000 0.000000 1.000000
1.000000 0.000000 0.000000 0.000000 0.000000 1.000000 0.000000 0.000000 0.000000 0.000000 1.000000 0.000000 0.000000 0.000000 0.000000 1.000000
1.000000 0.000000 0.000000 0.000000 0.000000 1.000000 0.000000 0.000000 0.000000 0.000000 1.000000 0.000000 0.000000 0.000000 0.000000 1.000000
1.000000 0.000000 0.000000 0.000000 0.000000 1.000000 0.000000 0.000000 0.000000 0.000000 1.000000 0.000000 0.000000 0.000000 0.000000 1.000000
1.000000 0.000000 0.000000 0.000000 0.000000 1.000000 0.000000 0.000000 0.000000 0.000000 1.000000 0.000000 0.000000 0.000000 0.000000 1.000000
1.000000 0.000000 0.000000 0.000000 0.000000 1.000000 0.000000 0.000000 0.000000 0.000000 1.000000 0.000000 0.000000 0.000000 0.000000 1.000000
1.000000 0.000000 0.000000 0.000000 0.000000 1.000000 0.000000 0.000000 0.000000 0.000000 1.000000 0.000000 0.000000 0.000000 0.000000 1.000000
1.000000 0.000000 0.000000 0.000000 0.000000 1.000000 0.000000 0.000000 0.000000 0.000000 1.000000 0.000000 0.000000 0.000000 0.000000 1.000000
1.000000 0.000000 0.000000 0.000000 0.000000 1.000000 0.000000 0.000000 0.000000 0.000000 1.000000 0.000000 0.000000 0.000000 0.000000 1.000000
1.000000 0.000000 0.000000 0.000000 0.000000 1.000000 0.000000 0.000000 0.000000 0.000000 1.000000 0.000000 0.000000 0.000000 0.000000 1.000000
1.000000 0.000000 0.000000 0.000000 0.000000 1.000000 0.000000 0.000000 0.000000 0.000000 1.000000 0.000000 0.000000 0.000000 0.000000 1.000000
1.000000 0.000000 0.000000 0.000000 0.000000 1.000000 0.000000 0.000000 0.000000 0.000000 1.000000 0.000000 0.000000 0.000000 0.000000 1.000000
1.000000 0.000000 0.000000 0.000000 0.000000 1.000000 0.000000 0.000000 0.000000 0.000000 1.000000 0.000000 0.000000 0.000000 0.000000 1.000000
1.000000 0.000000 0.000000 0.000000 0.000000 1.000000 0.000000 0.000000 0.000000 0.000000 1.000000 0.000000 0.000000 0.000000 0.000000 1.000000
1.000000 0.000000 0.000000 0.000000 0.000000 1.000000 0.000000 0.000000 0.000000 0.000000 1.000000 0.000000 0.000000 0.000000 0.000000 1.000000
1.000000 0.000000 0.000000 0.000000 0.000000 1.000000 0.000000 0.000000 0.000000 0.000000 1.000000 0.000000 0.000000 0.000000 0.000000 1.000000
1.000000 0.000000 0.000000 0.000000 0.000000 1.000000 0.000000 0.000000 0.000000 0.000000 1.000000 0.000000 0.000000 0.000000 0.000000 1.000000
1.000000 0.000000 0.000000 0.000000 0.000000 1.000000 0.000000 0.000000 0.000000 0.000000 1.000000 0.000000 0.000000 0.000000 0.000000 1.000000
1.000000 0.000000 0.000000 0.000000 0.000000 1.000000 0.000000 0.000000 0.000000 0.000000 1.000000 0.000000 0.000000 0.000000 0.000000 1.000000
1.000000 0.000000 0.000000 0.000000 0.000000 1.000000 0.000000 0.000000 0.000000 0.000000 1.000000 0.000000 0.000000 0.000000 0.000000 1.000000
1.000000 0.000000 0.000000 0.000000 0.000000 1.000000 0.000000 0.000000 0.000000 0.000000 1.000000 0.000000 0.000000 0.000000 0.000000 1.000000
1.000000 0.000000 0.000000 0.000000 0.000000 1.000000 0.000000 0.000000 0.000000 0.000000 1.000000 0.000000 0.000000 0.000000 0.000000 1.000000
1.000000 0.000000 0.000000 0.000000 0.000000 1.000000 0.000000 0.000000 0.000000 0.000000 1.000000 0.000000 0.000000 0.000000 0.000000 1.000000
1.000000 0.000000 0.000000 0.000000 0.000000 1.000000 0.000000 0.000000 0.000000 0.000000 1.000000 0.000000 0.000000 0.000000 0.000000 1.000000
1.000000 0.000000 0.000000 0.000000 0.000000 1.000000 0.000000 0.000000 0.000000 0.000000 1.000000 0.000000 0.000000 0.000000 0.000000 1.000000
1.000000 0.000000 0.000000 0.000000 0.000000 1.000000 0.000000 0.000000 0.000000 0.000000 1.000000 0.000000 0.000000 0.000000 0.000000 1.000000
1.000000 0.000000 0.000000 0.000000 0.000000 1.000000 0.000000 0.000000 0.000000 0.000000 1.000000 0.000000 0.000000 0.000000 0.000000 1.000000
1.000000 0.000000 0.000000 0.000000 0.000000 1.000000 0.000000 0.000000 0.000000 0.000000 1.000000 0.000000 0.000000 0.000000 0.000000 1.000000
1.000000 0.000000 0.000000 0.000000 0.000000 1.000000 0.000000 0.000000 0.000000 0.000000 1.000000 0.000000 0.000000 0.000000 0.000000 1.000000
1.000000 0.000000 0.000000 0.000000 0.000000 1.000000 0.000000 0.000000 0.000000 0.000000 1.000000 0.000000 0.000000 0.000000 0.000000 1.000000
1.000000 0.000000 0.000000 0.000000 0.000000 1.000000 0.000000 0.000000 0.000000 0.000000 1.000000 0.000000 0.000000 0.000000 0.000000 1.000000
1.000000 0.000000 0.000000 0.000000 0.000000 1.000000 0.000000 0.000000 0.000000 0.000000 1.000000 0.000000 0.000000 0.000000 0.000000 1.000000
1.000000 0.000000 0.000000 0.000000 0.000000 1.000000 0.000000 0.000000 0.000000 0.000000 1.000000 0.000000 0.000000 0.000000 0.000000 1.000000
1.000000 0.000000 0.000000 0.000000 0.000000 1.000000 0.000000 0.000000 0.000000 0.000000 1.000000 0.000000 0.000000 0.000000 0.000000 1.000000
1.000000 0.000000 0.000000 0.000000 0.000000 1.000000 0.000000 0.000000 0.000000 0.000000 1.000000 0.000000 0.000000 0.000000 0.000000 1.000000
1.000000 0.000000 0.000000 0.000000 0.000000 1.000000 0.000000 0.000000 0.000000 0.000000 1.000000 0.000000 0.000000 0.000000 0.000000 1.000000
1.000000 0.000000 0.000000 0.000000 0.000000 1.000000 0.000000 0.000000 0.000000 0.000000 1.000000 0.000000 0.000000 0.000000 0.000000 1.000000
1.000000 0.000000 0.000000 0.000000 0.000000 1.000000 0.000000 0.000000 0.000000 0.000000 1.000000 0.000000 0.000000 0.000000 0.000000 1.000000
1.000000 0.000000 0.000000 0.000000 0.000000 1.000000 0.000000 0.000000 0.000000 0.000000 1.000000 0.000000 0.000000 0.000000 0.000000 1.000000
1.000000 0.000000 0.000000 0.000000 0.000000 1.000000 0.000000 0.000000 0.000000 0.000000 1.000000 0.000000 0.000000 0.000000 0.000000 1.000000
1.000000 0.000000 0.000000 0.000000 0.000000 1.000000 0.000000 0.000000 0.000000 0.000000 1.000000 0.000000 0.000000 0.000000 0.000000 1.000000
1.000000 0.000000 0.000000 0.000000 0.000000 1.000000 0.000000 0.000000 0.000000 0.000000 1.000000 0.000000 0.000000 0.000000 0.000000 1.000000
1.000000 0.000000 0.000000 0.000000 0.000000 1.000000 0.000000 0.000000 0.000000 0.000000 1.000000 0.000000 0.000000 0.000000 0.000000 1.000000
1.000000 0.000000 0.000000 0.000000 0.000000 1.000000 0.000000 0.000000 0.000000 0.000000 1.000000 0.000000 0.000000 0.000000 0.000000 1.000000
1.000000 0.000000 0.000000 0.000000 0.000000 1.000000 0.000000 0.000000 0.000000 0.000000 1.000000 0.000000 0.000000 0.000000 0.000000 1.000000
1.000000 0.000000 0.000000 0.000000 0.000000 1.000000 0.000000 0.000000 0.000000 0.000000 1.000000 0.000000 0.000000 0.000000 0.000000 1.000000
1.000000 0.000000 0.000000 0.000000 0.000000 1.000000 0.000000 0.000000 0.000000 0.000000 1.000000 0.000000 0.000000 0.000000 0.000000 1.000000
1.000000 0.000000 0.000000 0.000000 0.000000 1.000000 0.000000 0.000000 0.000000 0.000000 1.000000 0.000000 0.000000 0.000000 0.000000 1.000000
1.000000 0.000000 0.000000 0.000000 0.000000 1.000000 0.000000 0.000000 0.000000 0.000000 1.000000 0.000000 0.000000 0.000000 0.000000 1.000000
1.000000 0.000000 0.000000 0.000000 0.000000 1.000000 0.000000 0.000000 0.000000 0.000000 1.000000 0.000000 0.000000 0.000000 0.000000 1.000000
1.000000 0.000000 0.000000 0.000000 0.000000 1.000000 0.000000 0.000000 0.000000 0.000000 1.000000 0.000000 0.000000 0.000000 0.000000 1.000000
1.000000 0.000000 0.000000 0.000000 0.000000 1.000000 0.000000 0.000000 0.000000 0.000000 1.000000 0.000000 0.000000 0.000000 0.000000 1.000000
1.000000 0.000000 0.000000 0.000000 0.000000 1.000000 0.000000 0.000000 0.000000 0.000000 1.000000 0.000000 0.000000 0.000000 0.000000 1.000000
1.000000 0.000000 0.000000 0.000000 0.000000 1.000000 0.000000 0.000000 0.000000 0.000000 1.000000 0.000000 0.000000 0.000000 0.000000 1.000000
1.000000 0.000000 0.000000 0.000000 0.000000 1.000000 0.000000 0.000000 0.000000 0.000000 1.000000 0.000000 0.000000 0.000000 0.000000 1.000000
1.000000 0.000000 0.000000 0.000000 0.000000 1.000000 0.000000 0.000000 0.000000 0.000000 1.000000 0.000000 0.000000 0.000000 0.000000 1.000000
1.000000 0.000000 0.000000 0.000000 0.000000 1.000000 0.000000 0.000000 0.000000 0.000000 1.000000 0.000000 0.000000 0.000000 0.000000 1.000000
1.000000 0.000000 0.000000 0.000000 0.000000 1.000000 0.000000 0.000000 0.000000 0.000000 1.000000 0.000000 0.000000 0.000000 0.000000 1.000000
1.000000 0.000000 0.000000 0.000000 0.000000 1.000000 0.000000 0.000000 0.000000 0.000000 1.000000 0.000000 0.000000 0.000000 0.000000 1.000000
1.000000 0.000000 0.000000 0.000000 0.000000 1.000000 0.000000 0.000000 0.000000 0.000000 1.000000 0.000000 0.000000 0.000000 0.000000 1.000000
1.000000 0.000000 0.000000 0.000000 0.000000 1.000000 0.000000 0.000000 0.000000 0.000000 1.000000 0.000000 0.000000 0.000000 0.000000 1.000000</float_array>
        <technique_common>
          <accessor source="#Armature-Matrix-animation-output-transform-array" count="91" stride="16">
            <param type="float4x4"/>
          </accessor>
        </technique_common>
      </source>
      <source id="Armature-Interpolations">
        <Name_array id="Armature-Interpolations-array" count="91">
 LINEAR LINEAR LINEAR LINEAR LINEAR LINEAR LINEAR LINEAR LINEAR LINEAR LINEAR
LINEAR LINEAR LINEAR LINEAR LINEAR LINEAR LINEAR LINEAR LINEAR LINEAR LINEAR LINEAR
LINEAR LINEAR LINEAR LINEAR LINEAR LINEAR LINEAR LINEAR LINEAR LINEAR LINEAR LINEAR
LINEAR LINEAR LINEAR LINEAR LINEAR LINEAR LINEAR LINEAR LINEAR LINEAR LINEAR LINEAR
LINEAR LINEAR LINEAR LINEAR LINEAR LINEAR LINEAR LINEAR LINEAR LINEAR LINEAR LINEAR
LINEAR LINEAR LINEAR LINEAR LINEAR LINEAR LINEAR LINEAR LINEAR LINEAR LINEAR LINEAR
LINEAR LINEAR LINEAR LINEAR LINEAR LINEAR LINEAR LINEAR LINEAR LINEAR LINEAR LINEAR
LINEAR LINEAR LINEAR LINEAR LINEAR LINEAR LINEAR LINEAR</Name_array>
        <technique_common>
          <accessor source="#Armature-Interpolations-array" count="91">
            <param type="name"/>
          </accessor>
        </technique_common>
      </source>
      <sampler id="Armature-Matrix-animation-transform">
        <input semantic="INPUT" source="#Armature-Matrix-animation-input"/>
        <input semantic="OUTPUT" source="#Armature-Matrix-animation-output-transform"/>
        <input semantic="INTERPOLATION" source="#Armature-Interpolations"/>
      </sampler>
      <channel source="#Armature-Matrix-animation-transform" target="Armature/matrix"/>
    </animation>
    <animation id="mixamorig_Hips-anim" name="mixamorig_Hips">
      <source id="mixamorig_Hips-Matrix-animation-input">
        <float_array id="mixamorig_Hips-Matrix-animation-input-array" count="91">

0.000000 0.033333 0.066667 0.100000 0.133333 0.166667 0.200000 0.233333 0.266667 0.300000 0.333333 0.366667 0.400000 0.433333 0.466667 0.500000
0.533333 0.566667 0.600000 0.633333 0.666667 0.700000 0.733333 0.766667 0.800000 0.833333 0.866667 0.900000 0.933333 0.966667 1.000000 1.033333
1.066667 1.100000 1.133333 1.166667 1.200000 1.233333 1.266667 1.300000 1.333333 1.366667 1.400000 1.433333 1.466667 1.500000 1.533333 1.566667
1.600000 1.633333 1.666667 1.700000 1.733333 1.766667 1.800000 1.833333 1.866667 1.900000 1.933333 1.966667 2.000000 2.033333 2.066667 2.100000
2.133333 2.166667 2.200000 2.233333 2.266667 2.300000 2.333333 2.366667 2.400000 2.433333 2.466667 2.500000 2.533333 2.566667 2.600000 2.633333
2.666667 2.700000 2.733333 2.766667 2.800000 2.833333 2.866667 2.900000 2.933333 2.966667 3.000000</float_array>
        <technique_common>
          <accessor source="#mixamorig_Hips-Matrix-animation-input-array" count="91">
            <param name="TIME" type="float"/>
          </accessor>
        </technique_common>
      </source>
      <source id="mixamorig_Hips-Matrix-animation-output-transform">
        <float_array id="mixamorig_Hips-Matrix-animation-output-transform-array" count="1456">

0.999578 0.002006 -0.028985 3.130306 -0.018322 0.817768 -0.575257 104.740509 0.022549 0.575545 0.817459 -12.321764 0.000000 0.000000 0.000000 1.000000
0.999547 0.002828 -0.029962 3.104759 -0.019572 0.817370 -0.575780 104.728134 0.022862 0.576106 0.817055 -12.242559 0.000000 0.000000 0.000000 1.000000
0.999501 0.004031 -0.031327 3.093933 -0.021362 0.816828 -0.576485 104.747429 0.023265 0.576867 0.816507 -12.153000 0.000000 0.000000 0.000000 1.000000
0.999446 0.005375 -0.032839 3.075824 -0.023356 0.816234 -0.577249 104.798462 0.023701 0.577696 0.815908 -12.074755 0.000000 0.000000 0.000000 1.000000
0.999387 0.006742 -0.034347 3.037506 -0.025368 0.815638 -0.578007 104.886612 0.024118 0.578524 0.815309 -11.988742 0.000000 0.000000 0.000000 1.000000
0.999323 0.008102 -0.035885 2.987813 -0.027391 0.815028 -0.578774 105.003159 0.024558 0.579365 0.814698 -11.900233 0.000000 0.000000 0.000000 1.000000
0.999254 0.009459 -0.037437 2.929346 -0.029422 0.814410 -0.579544 105.144524 0.025008 0.580213 0.814081 -11.809814 0.000000 0.000000 0.000000 1.000000
0.999182 0.010778 -0.038974 2.867528 -0.031414 0.813787 -0.580314 105.305206 0.025462 0.581064 0.813460 -11.716272 0.000000 0.000000 0.000000 1.000000
0.999108 0.012054 -0.040481 2.807890 -0.033354 0.813163 -0.581080 105.474548 0.025913 0.581912 0.812839 -11.618192 0.000000 0.000000 0.000000 1.000000
0.999032 0.013283 -0.041945 2.763370 -0.035232 0.812542 -0.581837 105.657272 0.026354 0.582751 0.812223 -11.516679 0.000000 0.000000 0.000000 1.000000
0.998954 0.014483 -0.043377 2.733614 -0.037069 0.811925 -0.582583 105.838493 0.026781 0.583582 0.811613 -11.413445 0.000000 0.000000 0.000000 1.000000
0.998869 0.015791 -0.044852 2.707815 -0.039021 0.811255 -0.583389 106.011185 0.027174 0.584479 0.810954 -11.320104 0.000000 0.000000 0.000000 1.000000
0.998794 0.016873 -0.046107 2.702404 -0.040657 0.810708 -0.584037 106.181572 0.027525 0.585207 0.810417 -11.229508 0.000000 0.000000 0.000000 1.000000
0.998722 0.017863 -0.047283 2.714740 -0.042169 0.810214 -0.584616 106.336143 0.027866 0.585862 0.809931 -11.140078 0.000000 0.000000 0.000000 1.000000
0.998651 0.018817 -0.048399 2.735581 -0.043617 0.809733 -0.585176 106.467361 0.028179 0.586497 0.809461 -11.057049 0.000000 0.000000 0.000000 1.000000
0.998581 0.019737 -0.049459 2.767392 -0.045005 0.809273 -0.585707 106.578339 0.028465 0.587101 0.809013 -10.979967 0.000000 0.000000 0.000000 1.000000
0.998512 0.020661 -0.050476 2.809802 -0.046370 0.808836 -0.586204 106.664146 0.028715 0.587672 0.808590 -10.913523 0.000000 0.000000 0.000000 1.000000
0.998443 0.021572 -0.051443 2.860019 -0.047694 0.808425 -0.586664 106.723923 0.028932 0.588204 0.808195 -10.856227 0.000000 0.000000 0.000000 1.000000
0.998373 0.022483 -0.052399 2.915630 -0.049010 0.808042 -0.587083 106.752823 0.029141 0.588696 0.807829 -10.803873 0.000000 0.000000 0.000000 1.000000
0.998305 0.023365 -0.053310 2.972670 -0.050274 0.807692 -0.587458 106.752975 0.029332 0.589142 0.807497 -10.758518 0.000000 0.000000 0.000000 1.000000
0.998242 0.024174 -0.054121 3.027539 -0.051419 0.807384 -0.587782 106.732155 0.029487 0.589531 0.807207 -10.724433 0.000000 0.000000 0.000000 1.000000
0.998192 0.024826 -0.054745 3.078043 -0.052324 0.807149 -0.588024 106.700760 0.029589 0.589825 0.806989 -10.704502 0.000000 0.000000 0.000000 1.000000
0.998172 0.025136 -0.054966 3.124764 -0.052710 0.807028 -0.588155 106.678635 0.029575 0.589977 0.806878 -10.708172 0.000000 0.000000 0.000000 1.000000
0.998171 0.025238 -0.054930 3.168378 -0.052770 0.807054 -0.588115 106.648621 0.029489 0.589939 0.806909 -10.731966 0.000000 0.000000 0.000000 1.000000
0.998204 0.024990 -0.054448 3.207090 -0.052278 0.807217 -0.587935 106.636330 0.029259 0.589725 0.807074 -10.787510 0.000000 0.000000 0.000000 1.000000
0.998253 0.024583 -0.053736 3.236215 -0.051519 0.807455 -0.587676 106.617073 0.028942 0.589417 0.807310 -10.867723 0.000000 0.000000 0.000000 1.000000
0.998312 0.024043 -0.052862 3.254692 -0.050554 0.807750 -0.587354 106.593712 0.028577 0.589035 0.807602 -10.964008 0.000000 0.000000 0.000000 1.000000
0.998376 0.023426 -0.051935 3.260852 -0.049496 0.808072 -0.587001 106.567322 0.028216 0.588618 0.807919 -11.084255 0.000000 0.000000 0.000000 1.000000
0.998439 0.022772 -0.051008 3.260721 -0.048408 0.808397 -0.586644 106.528534 0.027876 0.588197 0.808237 -11.144379 0.000000 0.000000 0.000000 1.000000
0.998502 0.022088 -0.050066 3.259366 -0.047286 0.808750 -0.586248 106.475288 0.027542 0.587737 0.808583 -11.199080 0.000000 0.000000 0.000000 1.000000
0.998564 0.021391 -0.049113 3.249230 -0.046145 0.809130 -0.585816 106.406357 0.027208 0.587241 0.808955 -11.254684 0.000000 0.000000 0.000000 1.000000
0.998625 0.020690 -0.048162 3.233645 -0.045003 0.809530 -0.585351 106.304146 0.026878 0.586713 0.809349 -11.309677 0.000000 0.000000 0.000000 1.000000
0.998684 0.019991 -0.047220 3.218776 -0.043866 0.809950 -0.584856 106.167374 0.026554 0.586158 0.809761 -11.362670 0.000000 0.000000 0.000000 1.000000
0.998742 0.019289 -0.046277 3.203294 -0.042726 0.810386 -0.584336 106.032204 0.026231 0.585579 0.810191 -11.415569 0.000000 0.000000 0.000000 1.000000
0.998799 0.018604 -0.045318 3.186776 -0.041591 0.810834 -0.583796 105.894936 0.025884 0.584980 0.810635 -11.476521 0.000000 0.000000 0.000000 1.000000
0.998856 0.017915 -0.044328 3.168365 -0.040435 0.811293 -0.583239 105.757164 0.025515 0.584365 0.811090 -11.544693 0.000000 0.000000 0.000000 1.000000
0.998916 0.017148 -0.043277 3.148211 -0.039179 0.811760 -0.582675 105.633224 0.025139 0.583739 0.811552 -11.613537 0.000000 0.000000 0.000000 1.000000
0.998972 0.016416 -0.042261 3.126077 -0.037973 0.812231 -0.582098 105.508057 0.024770 0.583104 0.812020 -11.681559 0.000000 0.000000 0.000000 1.000000
0.999029 0.015620 -0.041198 3.103866 -0.036688 0.812705 -0.581519 105.392059 0.024399 0.582466 0.812489 -11.750225 0.000000 0.000000 0.000000 1.000000
0.999085 0.014791 -0.040120 3.082920 -0.035368 0.813177 -0.580941 105.283005 0.024032 0.581828 0.812957 -11.818558 0.000000 0.000000 0.000000 1.000000
0.999139 0.013972 -0.039065 3.056159 -0.034070 0.813645 -0.580362 105.192558 0.023677 0.581194 0.813421 -11.885319 0.000000 0.000000 0.000000 1.000000
0.999189 0.013194 -0.038042 3.032043 -0.032825 0.814106 -0.579788 105.122292 0.023320 0.580566 0.813879 -11.952429 0.000000 0.000000 0.000000 1.000000
0.999236 0.012451 -0.037044 3.009060 -0.031623 0.814557 -0.579221 105.062286 0.022962 0.579950 0.814329 -12.021500 0.000000 0.000000 0.000000 1.000000
0.999280 0.011753 -0.036085 2.987121 -0.030481 0.814996 -0.578665 105.010696 0.022608 0.579348 0.814767 -12.089446 0.000000 0.000000 0.000000 1.000000
0.999320 0.011094 -0.035162 2.964975 -0.029394 0.815419 -0.578124 104.970901 0.022258 0.578764 0.815191 -12.155903 0.000000 0.000000 0.000000 1.000000
0.999358 0.010472 -0.034267 2.939949 -0.028354 0.815826 -0.577602 104.946838 0.021908 0.578203 0.815599 -12.222211 0.000000 0.000000 0.000000 1.000000
0.999393 0.009876 -0.033394 2.912871 -0.027350 0.816212 -0.577104 104.938522 0.021557 0.577667 0.815987 -12.289435 0.000000 0.000000 0.000000 1.000000
0.999426 0.009341 -0.032568 2.884927 -0.026423 0.816577 -0.576632 104.941620 0.021207 0.577161 0.816355 -12.356976 0.000000 0.000000 0.000000 1.000000
0.999455 0.008856 -0.031797 2.857895 -0.025570 0.816916 -0.576189 104.955399 0.020873 0.576688 0.816698 -12.421138 0.000000 0.000000 0.000000 1.000000
0.999481 0.008396 -0.031090 2.831388 -0.024775 0.817229 -0.575780 104.981628 0.020573 0.576252 0.817013 -12.477074 0.000000 0.000000 0.000000 1.000000
0.999504 0.007959 -0.030474 2.808964 -0.024054 0.817512 -0.575410 105.018257 0.020333 0.575857 0.817297 -12.518247 0.000000 0.000000 0.000000 1.000000
0.999523 0.007595 -0.029932 2.793005 -0.023436 0.817762 -0.575079 105.060066 0.020109 0.575506 0.817550 -12.557945 0.000000 0.000000 0.000000 1.000000
0.999537 0.007306 -0.029521 2.779441 -0.022955 0.817978 -0.574791 105.112045 0.019948 0.575203 0.817767 -12.582199 0.000000 0.000000 0.000000 1.000000
0.999550 0.007049 -0.029155 2.768578 -0.022528 0.818167 -0.574540 105.172333 0.019803 0.574938 0.817957 -12.606649 0.000000 0.000000 0.000000 1.000000
0.999561 0.006776 -0.028829 2.760378 -0.022111 0.818332 -0.574320 105.243416 0.019700 0.574706 0.818123 -12.623904 0.000000 0.000000 0.000000 1.000000
0.999572 0.006494 -0.028532 2.778859 -0.021706 0.818477 -0.574129 105.323692 0.019625 0.574503 0.818267 -12.636631 0.000000 0.000000 0.000000 1.000000
0.999581 0.006216 -0.028268 2.798321 -0.021322 0.818602 -0.573966 105.415474 0.019573 0.574328 0.818391 -12.643645 0.000000 0.000000 0.000000 1.000000
0.999590 0.005927 -0.028029 2.820722 -0.020945 0.818708 -0.573827 105.514000 0.019546 0.574179 0.818497 -12.643094 0.000000 0.000000 0.000000 1.000000
0.999598 0.005623 -0.027804 2.847448 -0.020564 0.818798 -0.573713 105.624321 0.019539 0.574054 0.818585 -12.637222 0.000000 0.000000 0.000000 1.000000
0.999605 0.005334 -0.027600 2.874057 -0.020208 0.818873 -0.573619 105.745239 0.019542 0.573950 0.818657 -12.629177 0.000000 0.000000 0.000000 1.000000
0.999612 0.005030 -0.027398 2.879453 -0.019841 0.818933 -0.573546 105.874130 0.019552 0.573867 0.818715 -12.621040 0.000000 0.000000 0.000000 1.000000
0.999618 0.004791 -0.027229 2.877716 -0.019547 0.818982 -0.573487 106.002441 0.019552 0.573800 0.818762 -12.619719 0.000000 0.000000 0.000000 1.000000
0.999622 0.004619 -0.027084 2.866619 -0.019322 0.819019 -0.573441 106.127777 0.019534 0.573748 0.818799 -12.634395 0.000000 0.000000 0.000000 1.000000
0.999626 0.004459 -0.026966 2.852041 -0.019122 0.819046 -0.573408 106.251495 0.019529 0.573710 0.818826 -12.648825 0.000000 0.000000 0.000000 1.000000
0.999629 0.004304 -0.026882 2.836587 -0.018946 0.819066 -0.573387 106.377060 0.019550 0.573684 0.818844 -12.660372 0.000000 0.000000 0.000000 1.000000
0.999632 0.004119 -0.026796 2.811420 -0.018745 0.819077 -0.573377 106.498703 0.019587 0.573669 0.818853 -12.677710 0.000000 0.000000 0.000000 1.000000
0.999635 0.003915 -0.026714 2.782973 -0.018531 0.819083 -0.573376 106.611755 0.019637 0.573662 0.818857 -12.688456 0.000000 0.000000 0.000000 1.000000
0.999638 0.003721 -0.026646 2.753038 -0.018333 0.819085 -0.573380 106.716797 0.019692 0.573661 0.818856 -12.697098 0.000000 0.000000 0.000000 1.000000
0.999640 0.003521 -0.026581 2.727545 -0.018132 0.819083 -0.573388 106.811638 0.019753 0.573664 0.818852 -12.704552 0.000000 0.000000 0.000000 1.000000
0.999643 0.003296 -0.026507 2.711388 -0.017905 0.819080 -0.573400 106.895035 0.019821 0.573671 0.818846 -12.711526 0.000000 0.000000 0.000000 1.000000
0.999646 0.003051 -0.026424 2.705646 -0.017657 0.819076 -0.573414 106.965195 0.019894 0.573677 0.818840 -12.719101 0.000000 0.000000 0.000000 1.000000
0.999649 0.002811 -0.026351 2.705295 -0.017419 0.819073 -0.573425 107.026154 0.019972 0.573683 0.818834 -12.724662 0.000000 0.000000 0.000000 1.000000
0.999651 0.002581 -0.026279 2.716610 -0.017189 0.819076 -0.573428 107.059532 0.020045 0.573680 0.818834 -12.729735 0.000000 0.000000 0.000000 1.000000
0.999654 0.002316 -0.026193 2.754247 -0.016923 0.819074 -0.573438 107.060310 0.020126 0.573683 0.818830 -12.741661 0.000000 0.000000 0.000000 1.000000
0.999656 0.002098 -0.026148 2.806643 -0.016719 0.819059 -0.573466 107.020798 0.020214 0.573706 0.818812 -12.749227 0.000000 0.000000 0.000000 1.000000
0.999657 0.001916 -0.026137 2.858161 -0.016565 0.819030 -0.573512 106.947327 0.020308 0.573748 0.818780 -12.752770 0.000000 0.000000 0.000000 1.000000
0.999656 0.001773 -0.026163 2.904657 -0.016465 0.818989 -0.573573 106.842400 0.020410 0.573807 0.818736 -12.751644 0.000000 0.000000 0.000000 1.000000
0.999655 0.001629 -0.026205 2.949303 -0.016372 0.818938 -0.573649 106.710892 0.020526 0.573880 0.818682 -12.741886 0.000000 0.000000 0.000000 1.000000
0.999654 0.001478 -0.026259 2.991263 -0.016282 0.818877 -0.573738 106.556297 0.020654 0.573967 0.818618 -12.724710 0.000000 0.000000 0.000000 1.000000
0.999653 0.001324 -0.026322 3.030710 -0.016195 0.818808 -0.573838 106.381592 0.020793 0.574065 0.818545 -12.704455 0.000000 0.000000 0.000000 1.000000
0.999651 0.001173 -0.026400 3.067093 -0.016118 0.818733 -0.573948 106.209793 0.020941 0.574173 0.818466 -12.680645 0.000000 0.000000 0.000000 1.000000
0.999648 0.001025 -0.026494 3.100709 -0.016054 0.818652 -0.574065 106.033707 0.021101 0.574288 0.818381 -12.651917 0.000000 0.000000 0.000000 1.000000
0.999646 0.000887 -0.026608 3.129330 -0.016009 0.818568 -0.574187 105.849876 0.021271 0.574409 0.818292 -12.616202 0.000000 0.000000 0.000000 1.000000
0.999642 0.000832 -0.026754 3.149025 -0.016052 0.818481 -0.574309 105.669418 0.021420 0.574533 0.818201 -12.589241 0.000000 0.000000 0.000000 1.000000
0.999637 0.000845 -0.026942 3.161129 -0.016174 0.818394 -0.574430 105.487038 0.021563 0.574657 0.818110 -12.564347 0.000000 0.000000 0.000000 1.000000
0.999630 0.000919 -0.027167 3.164873 -0.016367 0.818307 -0.574549 105.309822 0.021703 0.574781 0.818019 -12.540823 0.000000 0.000000 0.000000 1.000000
0.999623 0.001048 -0.027432 3.157958 -0.016628 0.818222 -0.574662 105.143318 0.021844 0.574902 0.817931 -12.511931 0.000000 0.000000 0.000000 1.000000
0.999615 0.001216 -0.027735 3.146452 -0.016943 0.818138 -0.574772 104.997986 0.021992 0.575020 0.817844 -12.473551 0.000000 0.000000 0.000000 1.000000
0.999606 0.001395 -0.028043 3.137210 -0.017268 0.818073 -0.574856 104.879532 0.022140 0.575113 0.817774 -12.426386 0.000000 0.000000 0.000000 1.000000
0.999595 0.001612 -0.028399 3.127401 -0.017654 0.817982 -0.574973 104.793030 0.022304 0.575242 0.817679 -12.376905 0.000000 0.000000 0.000000 1.000000
0.999578 0.002006 -0.028985 3.130313 -0.018322 0.817767 -0.575257 104.740517 0.022549 0.575545 0.817459 -12.321756 0.000000 0.000000 0.000000 1.000000</float_array>
        <technique_common>
          <accessor source="#mixamorig_Hips-Matrix-animation-output-transform-array" count="91" stride="16">
            <param type="float4x4"/>
          </accessor>
        </technique_common>
      </source>
      <source id="mixamorig_Hips-Interpolations">
        <Name_array id="mixamorig_Hips-Interpolations-array" count="91">
 LINEAR LINEAR LINEAR LINEAR LINEAR LINEAR LINEAR LINEAR LINEAR LINEAR LINEAR
LINEAR LINEAR LINEAR LINEAR LINEAR LINEAR LINEAR LINEAR LINEAR LINEAR LINEAR LINEAR
LINEAR LINEAR LINEAR LINEAR LINEAR LINEAR LINEAR LINEAR LINEAR LINEAR LINEAR LINEAR
LINEAR LINEAR LINEAR LINEAR LINEAR LINEAR LINEAR LINEAR LINEAR LINEAR LINEAR LINEAR
LINEAR LINEAR LINEAR LINEAR LINEAR LINEAR LINEAR LINEAR LINEAR LINEAR LINEAR LINEAR
LINEAR LINEAR LINEAR LINEAR LINEAR LINEAR LINEAR LINEAR LINEAR LINEAR LINEAR LINEAR
LINEAR LINEAR LINEAR LINEAR LINEAR LINEAR LINEAR LINEAR LINEAR LINEAR LINEAR LINEAR
LINEAR LINEAR LINEAR LINEAR LINEAR LINEAR LINEAR LINEAR</Name_array>
        <technique_common>
          <accessor source="#mixamorig_Hips-Interpolations-array" count="91">
            <param type="name"/>
          </accessor>
        </technique_common>
      </source>
      <sampler id="mixamorig_Hips-Matrix-animation-transform">
        <input semantic="INPUT" source="#mixamorig_Hips-Matrix-animation-input"/>
        <input semantic="OUTPUT" source="#mixamorig_Hips-Matrix-animation-output-transform"/>
        <input semantic="INTERPOLATION" source="#mixamorig_Hips-Interpolations"/>
      </sampler>
      <channel source="#mixamorig_Hips-Matrix-animation-transform" target="mixamorig_Hips/matrix"/>
    </animation>
    <animation id="mixamorig_Spine-anim" name="mixamorig_Spine">
      <source id="mixamorig_Spine-Matrix-animation-input">
        <float_array id="mixamorig_Spine-Matrix-animation-input-array" count="91">

0.000000 0.033333 0.066667 0.100000 0.133333 0.166667 0.200000 0.233333 0.266667 0.300000 0.333333 0.366667 0.400000 0.433333 0.466667 0.500000
0.533333 0.566667 0.600000 0.633333 0.666667 0.700000 0.733333 0.766667 0.800000 0.833333 0.866667 0.900000 0.933333 0.966667 1.000000 1.033333
1.066667 1.100000 1.133333 1.166667 1.200000 1.233333 1.266667 1.300000 1.333333 1.366667 1.400000 1.433333 1.466667 1.500000 1.533333 1.566667
1.600000 1.633333 1.666667 1.700000 1.733333 1.766667 1.800000 1.833333 1.866667 1.900000 1.933333 1.966667 2.000000 2.033333 2.066667 2.100000
2.133333 2.166667 2.200000 2.233333 2.266667 2.300000 2.333333 2.366667 2.400000 2.433333 2.466667 2.500000 2.533333 2.566667 2.600000 2.633333
2.666667 2.700000 2.733333 2.766667 2.800000 2.833333 2.866667 2.900000 2.933333 2.966667 3.000000</float_array>
        <technique_common>
          <accessor source="#mixamorig_Spine-Matrix-animation-input-array" count="91">
            <param name="TIME" type="float"/>
          </accessor>
        </technique_common>
      </source>
      <source id="mixamorig_Spine-Matrix-animation-output-transform">
        <float_array id="mixamorig_Spine-Matrix-animation-output-transform-array" count="1456">

0.999566 -0.002821 0.029340 -0.000000 0.002974 0.999982 -0.005198 12.246100 -0.029325 0.005283 0.999556 0.234600 0.000000 0.000000 0.000000 1.000000
0.999546 -0.003047 0.029981 -0.000000 0.003192 0.999984 -0.004764 12.246100 -0.029966 0.004857 0.999539 0.234600 0.000000 0.000000 0.000000 1.000000
0.999520 -0.003463 0.030798 0.000000 0.003593 0.999985 -0.004169 12.246100 -0.030783 0.004277 0.999517 0.234600 0.000000 0.000000 0.000000 1.000000
0.999489 -0.004092 0.031700 -0.000000 0.004208 0.999985 -0.003600 12.246100 -0.031685 0.003731 0.999491 0.234600 0.000000 0.000000 0.000000 1.000000
0.999455 -0.005002 0.032639 0.000000 0.005114 0.999981 -0.003365 12.246100 -0.032621 0.003530 0.999462 0.234600 0.000000 0.000000 0.000000 1.000000
0.999416 -0.006120 0.033633 -0.000000 0.006241 0.999974 -0.003477 12.246100 -0.033611 0.003685 0.999428 0.234600 0.000000 0.000000 0.000000 1.000000
0.999371 -0.007408 0.034668 0.000000 0.007543 0.999964 -0.003762 12.246100 -0.034639 0.004021 0.999392 0.234600 0.000000 0.000000 0.000000 1.000000
0.999324 -0.008777 0.035708 0.000000 0.008924 0.999952 -0.003951 12.246100 -0.035672 0.004267 0.999354 0.234600 0.000000 0.000000 0.000000 1.000000
0.999273 -0.010197 0.036742 0.000000 0.010351 0.999939 -0.003982 12.246100 -0.036699 0.004359 0.999317 0.234600 0.000000 0.000000 0.000000 1.000000
0.999219 -0.011628 0.037762 -0.000000 0.011783 0.999923 -0.003864 12.246100 -0.037715 0.004306 0.999279 0.234600 0.000000 0.000000 0.000000 1.000000
0.999163 -0.013066 0.038771 -0.000000 0.013217 0.999906 -0.003624 12.246100 -0.038720 0.004134 0.999242 0.234600 0.000000 0.000000 0.000000 1.000000
0.999104 -0.014550 0.039749 -0.000000 0.014699 0.999886 -0.003463 12.246100 -0.039694 0.004044 0.999204 0.234600 0.000000 0.000000 0.000000 1.000000
0.999047 -0.015841 0.040682 0.000000 0.015993 0.999866 -0.003403 12.246100 -0.040623 0.004050 0.999166 0.234600 0.000000 0.000000 0.000000 1.000000
0.998988 -0.017076 0.041602 -0.000000 0.017228 0.999846 -0.003295 12.246100 -0.041539 0.004008 0.999129 0.234600 0.000000 0.000000 0.000000 1.000000
0.998927 -0.018352 0.042522 0.000000 0.018506 0.999824 -0.003224 12.246100 -0.042455 0.004007 0.999090 0.234600 0.000000 0.000000 0.000000 1.000000
0.998863 -0.019593 0.043469 0.000000 0.019751 0.999800 -0.003193 12.246100 -0.043397 0.004048 0.999050 0.234600 0.000000 0.000000 0.000000 1.000000
0.998795 -0.020840 0.044443 0.000000 0.021003 0.999774 -0.003208 12.246100 -0.044366 0.004137 0.999007 0.234600 0.000000 0.000000 0.000000 1.000000
0.998724 -0.022066 0.045428 0.000000 0.022238 0.999747 -0.003276 12.246100 -0.045344 0.004282 0.998962 0.234600 0.000000 0.000000 0.000000 1.000000
0.998649 -0.023281 0.046452 -0.000000 0.023464 0.999719 -0.003402 12.246100 -0.046360 0.004487 0.998915 0.234600 0.000000 0.000000 0.000000 1.000000
0.998573 -0.024447 0.047474 -0.000000 0.024645 0.999690 -0.003595 12.246100 -0.047371 0.004760 0.998866 0.234600 0.000000 0.000000 0.000000 1.000000
0.998500 -0.025526 0.048438 -0.000000 0.025743 0.999661 -0.003864 12.246100 -0.048323 0.005105 0.998819 0.234600 0.000000 0.000000 0.000000 1.000000
0.998434 -0.026464 0.049290 0.000000 0.026704 0.999634 -0.004224 12.246100 -0.049160 0.005533 0.998776 0.234600 0.000000 0.000000 0.000000 1.000000
0.998389 -0.027114 0.049850 0.000000 0.027382 0.999614 -0.004694 12.246100 -0.049704 0.006051 0.998746 0.234600 0.000000 0.000000 0.000000 1.000000
0.998351 -0.027653 0.050312 0.000000 0.027954 0.999595 -0.005291 12.246100 -0.050145 0.006688 0.998720 0.234600 0.000000 0.000000 0.000000 1.000000
0.998336 -0.027914 0.050450 0.000000 0.028253 0.999583 -0.006019 12.246100 -0.050261 0.007434 0.998708 0.234600 0.000000 0.000000 0.000000 1.000000
0.998338 -0.027995 0.050379 0.000000 0.028376 0.999574 -0.006865 12.246100 -0.050165 0.008283 0.998707 0.234600 0.000000 0.000000 0.000000 1.000000
0.998353 -0.027889 0.050126 0.000000 0.028316 0.999569 -0.007812 12.246100 -0.049886 0.009218 0.998712 0.234600 0.000000 0.000000 0.000000 1.000000
0.998379 -0.027605 0.049765 0.000000 0.028103 0.999561 -0.009345 12.246100 -0.049486 0.010729 0.998717 0.234600 0.000000 0.000000 0.000000 1.000000
0.998414 -0.027279 0.049257 0.000000 0.027777 0.999570 -0.009447 12.246100 -0.048978 0.010800 0.998741 0.234600 0.000000 0.000000 0.000000 1.000000
0.998452 -0.026912 0.048679 0.000000 0.027402 0.999580 -0.009424 12.246100 -0.048405 0.010744 0.998770 0.234600 0.000000 0.000000 0.000000 1.000000
0.998494 -0.026522 0.048026 0.000000 0.027000 0.999592 -0.009329 12.246100 -0.047758 0.010612 0.998803 0.234600 0.000000 0.000000 0.000000 1.000000
0.998542 -0.026138 0.047236 0.000000 0.026597 0.999605 -0.009108 12.246100 -0.046979 0.010351 0.998842 0.234600 0.000000 0.000000 0.000000 1.000000
0.998598 -0.025784 0.046232 -0.000000 0.026213 0.999619 -0.008697 12.246100 -0.045990 0.009896 0.998893 0.234600 0.000000 0.000000 0.000000 1.000000
0.998661 -0.025439 0.045055 0.000000 0.025830 0.999633 -0.008130 12.246100 -0.044831 0.009283 0.998951 0.234600 0.000000 0.000000 0.000000 1.000000
