<?xml version="1.0" encoding="utf-8"?>
<COLLADA xmlns="http://www.collada.org/2005/11/COLLADASchema" version="1.4.1">
  <asset>
    <contributor>
      <author>Mixamo</author>
      <authoring_tool>COLLADA Mixamo exporter</authoring_tool>
      <comments/>
    </contributor>
    <created>2024-03-20T04:57:37Z</created>
    <modified>2024-03-20T04:57:37Z</modified>
    <revision/>
    <title/>
    <unit meter="0.010000"/>
    <up_axis>Y_UP</up_axis>
  </asset>
  <library_animations>
    <animation id="Armature-anim" name="Armature">
      <source id="Armature-Matrix-animation-input">
        <float_array id="Armature-Matrix-animation-input-array" count="44">

0.000000 0.033333 0.066667 0.100000 0.133333 0.166667 0.200000 0.233333 0.266667 0.300000 0.333333 0.366667 0.400000 0.433333 0.466667 0.500000
0.533333 0.566667 0.600000 0.633333 0.666667 0.700000 0.733333 0.766667 0.800000 0.833333 0.866667 0.900000 0.933333 0.966667 1.000000 1.033333
1.066667 1.100000 1.133333 1.166667 1.200000 1.233333 1.266667 1.300000 1.333333 1.366667 1.400000 1.433333</float_array>
        <technique_common>
          <accessor source="#Armature-Matrix-animation-input-array" count="44">
            <param name="TIME" type="float"/>
          </accessor>
        </technique_common>
      </source>
      <source id="Armature-Matrix-animation-output-transform">
        <float_array id="Armature-Matrix-animation-output-transform-array" count="704">

1.000000 0.000000 0.000000 0.000000 0.000000 1.000000 0.000000 0.000000 0.000000 0.000000 1.000000 0.000000 0.000000 0.000000 0.000000 1.000000
1.000000 0.000000 0.000000 0.000000 0.000000 1.000000 0.000000 0.000000 0.000000 0.000000 1.000000 0.000000 0.000000 0.000000 0.000000 1.000000
1.000000 0.000000 0.000000 0.000000 0.000000 1.000000 0.000000 0.000000 0.000000 0.000000 1.000000 0.000000 0.000000 0.000000 0.000000 1.000000
1.000000 0.000000 0.000000 0.000000 0.000000 1.000000 0.000000 0.000000 0.000000 0.000000 1.000000 0.000000 0.000000 0.000000 0.000000 1.000000
1.000000 0.000000 0.000000 0.000000 0.000000 1.000000 0.000000 0.000000 0.000000 0.000000 1.000000 0.000000 0.000000 0.000000 0.000000 1.000000
1.000000 0.000000 0.000000 0.000000 0.000000 1.000000 0.000000 0.000000 0.000000 0.000000 1.000000 0.000000 0.000000 0.000000 0.000000 1.000000
1.000000 0.000000 0.000000 0.000000 0.000000 1.000000 0.000000 0.000000 0.000000 0.000000 1.000000 0.000000 0.000000 0.000000 0.000000 1.000000
1.000000 0.000000 0.000000 0.000000 0.000000 1.000000 0.000000 0.000000 0.000000 0.000000 1.000000 0.000000 0.000000 0.000000 0.000000 1.000000
1.000000 0.000000 0.000000 0.000000 0.000000 1.000000 0.000000 0.000000 0.000000 0.000000 1.000000 0.000000 0.000000 0.000000 0.000000 1.000000
1.000000 0.000000 0.000000 0.000000 0.000000 1.000000 0.000000 0.000000 0.000000 0.000000 1.000000 0.000000 0.000000 0.000000 0.000000 1.000000
1.000000 0.000000 0.000000 0.000000 0.000000 1.000000 0.000000 0.000000 0.000000 0.000000 1.000000 0.000000 0.000000 0.000000 0.000000 1.000000
1.000000 0.000000 0.000000 0.000000 0.000000 1.000000 0.000000 0.000000 0.000000 0.000000 1.000000 0.000000 0.000000 0.000000 0.000000 1.000000
1.000000 0.000000 0.000000 0.000000 0.000000 1.000000 0.000000 0.000000 0.000000 0.000000 1.000000 0.000000 0.000000 0.000000 0.000000 1.000000
1.000000 0.000000 0.000000 0.000000 0.000000 1.000000 0.000000 0.000000 0.000000 0.000000 1.000000 0.000000 0.000000 0.000000 0.000000 1.000000
1.000000 0.000000 0.000000 0.000000 0.000000 1.000000 0.000000 0.000000 0.000000 0.000000 1.000000 0.000000 0.000000 0.000000 0.000000 1.000000
1.000000 0.000000 0.000000 0.000000 0.000000 1.000000 0.000000 0.000000 0.000000 0.000000 1.000000 0.000000 0.000000 0.000000 0.000000 1.000000
1.000000 0.000000 0.000000 0.000000 0.000000 1.000000 0.000000 0.000000 0.000000 0.000000 1.000000 0.000000 0.000000 0.000000 0.000000 1.000000
1.000000 0.000000 0.000000 0.000000 0.000000 1.000000 0.000000 0.000000 0.000000 0.000000 1.000000 0.000000 0.000000 0.000000 0.000000 1.000000
1.000000 0.000000 0.000000 0.000000 0.000000 1.000000 0.000000 0.000000 0.000000 0.000000 1.000000 0.000000 0.000000 0.000000 0.000000 1.000000
1.000000 0.000000 0.000000 0.000000 0.000000 1.000000 0.000000 0.000000 0.000000 0.000000 1.000000 0.000000 0.000000 0.000000 0.000000 1.000000
1.000000 0.000000 0.000000 0.000000 0.000000 1.000000 0.000000 0.000000 0.000000 0.000000 1.000000 0.000000 0.000000 0.000000 0.000000 1.000000
1.000000 0.000000 0.000000 0.000000 0.000000 1.000000 0.000000 0.000000 0.000000 0.000000 1.000000 0.000000 0.000000 0.000000 0.000000 1.000000
1.000000 0.000000 0.000000 0.000000 0.000000 1.000000 0.000000 0.000000 0.000000 0.000000 1.000000 0.000000 0.000000 0.000000 0.000000 1.000000
1.000000 0.000000 0.000000 0.000000 0.000000 1.000000 0.000000 0.000000 0.000000 0.000000 1.000000 0.000000 0.000000 0.000000 0.000000 1.000000
1.000000 0.000000 0.000000 0.000000 0.000000 1.000000 0.000000 0.000000 0.000000 0.000000 1.000000 0.000000 0.000000 0.000000 0.000000 1.000000
1.000000 0.000000 0.000000 0.000000 0.000000 1.000000 0.000000 0.000000 0.000000 0.000000 1.000000 0.000000 0.000000 0.000000 0.000000 1.000000
1.000000 0.000000 0.000000 0.000000 0.000000 1.000000 0.000000 0.000000 0.000000 0.000000 1.000000 0.000000 0.000000 0.000000 0.000000 1.000000
1.000000 0.000000 0.000000 0.000000 0.000000 1.000000 0.000000 0.000000 0.000000 0.000000 1.000000 0.000000 0.000000 0.000000 0.000000 1.000000
1.000000 0.000000 0.000000 0.000000 0.000000 1.000000 0.000000 0.000000 0.000000 0.000000 1.000000 0.000000 0.000000 0.000000 0.000000 1.000000
1.000000 0.000000 0.000000 0.000000 0.000000 1.000000 0.000000 0.000000 0.000000 0.000000 1.000000 0.000000 0.000000 0.000000 0.000000 1.000000
1.000000 0.000000 0.000000 0.000000 0.000000 1.000000 0.000000 0.000000 0.000000 0.000000 1.000000 0.000000 0.000000 0.000000 0.000000 1.000000
1.000000 0.000000 0.000000 0.000000 0.000000 1.000000 0.000000 0.000000 0.000000 0.000000 1.000000 0.000000 0.000000 0.000000 0.000000 1.000000
1.000000 0.000000 0.000000 0.000000 0.000000 1.000000 0.000000 0.000000 0.000000 0.000000 1.000000 0.000000 0.000000 0.000000 0.000000 1.000000
1.000000 0.000000 0.000000 0.000000 0.000000 1.000000 0.000000 0.000000 0.000000 0.000000 1.000000 0.000000 0.000000 0.000000 0.000000 1.000000
1.000000 0.000000 0.000000 0.000000 0.000000 1.000000 0.000000 0.000000 0.000000 0.000000 1.000000 0.000000 0.000000 0.000000 0.000000 1.000000
1.000000 0.000000 0.000000 0.000000 0.000000 1.000000 0.000000 0.000000 0.000000 0.000000 1.000000 0.000000 0.000000 0.000000 0.000000 1.000000
1.000000 0.000000 0.000000 0.000000 0.000000 1.000000 0.000000 0.000000 0.000000 0.000000 1.000000 0.000000 0.000000 0.000000 0.000000 1.000000
1.000000 0.000000 0.000000 0.000000 0.000000 1.000000 0.000000 0.000000 0.000000 0.000000 1.000000 0.000000 0.000000 0.000000 0.000000 1.000000
1.000000 0.000000 0.000000 0.000000 0.000000 1.000000 0.000000 0.000000 0.000000 0.000000 1.000000 0.000000 0.000000 0.000000 0.000000 1.000000
1.000000 0.000000 0.000000 0.000000 0.000000 1.000000 0.000000 0.000000 0.000000 0.000000 1.000000 0.000000 0.000000 0.000000 0.000000 1.000000
1.000000 0.000000 0.000000 0.000000 0.000000 1.000000 0.000000 0.000000 0.000000 0.000000 1.000000 0.000000 0.000000 0.000000 0.000000 1.000000
1.000000 0.000000 0.000000 0.000000 0.000000 1.000000 0.000000 0.000000 0.000000 0.000000 1.000000 0.000000 0.000000 0.000000 0.000000 1.000000
1.000000 0.000000 0.000000 0.000000 0.000000 1.000000 0.000000 0.000000 0.000000 0.000000 1.000000 0.000000 0.000000 0.000000 0.000000 1.000000
1.000000 0.000000 0.000000 0.000000 0.000000 1.000000 0.000000 0.000000 0.000000 0.000000 1.000000 0.000000 0.000000 0.000000 0.000000 1.000000</float_array>
        <technique_common>
          <accessor source="#Armature-Matrix-animation-output-transform-array" count="44" stride="16">
            <param type="float4x4"/>
          </accessor>
        </technique_common>
      </source>
      <source id="Armature-Interpolations">
        <Name_array id="Armature-Interpolations-array" count="44">
 LINEAR LINEAR LINEAR LINEAR LINEAR LINEAR LINEAR LINEAR LINEAR LINEAR LINEAR
LINEAR LINEAR LINEAR LINEAR LINEAR LINEAR LINEAR LINEAR LINEAR LINEAR LINEAR LINEAR
LINEAR LINEAR LINEAR LINEAR LINEAR LINEAR LINEAR LINEAR LINEAR LINEAR LINEAR LINEAR
LINEAR LINEAR LINEAR LINEAR LINEAR LINEAR LINEAR LINEAR LINEAR</Name_array>
        <technique_common>
          <accessor source="#Armature-Interpolations-array" count="44">
            <param type="name"/>
          </accessor>
        </technique_common>
      </source>
      <sampler id="Armature-Matrix-animation-transform">
        <input semantic="INPUT" source="#Armature-Matrix-animation-input"/>
        <input semantic="OUTPUT" source="#Armature-Matrix-animation-output-transform"/>
        <input semantic="INTERPOLATION" source="#Armature-Interpolations"/>
      </sampler>
      <channel source="#Armature-Matrix-animation-transform" target="Armature/matrix"/>
    </animation>
    <animation id="mixamorig_Hips-anim" name="mixamorig_Hips">
      <source id="mixamorig_Hips-Matrix-animation-input">
        <float_array id="mixamorig_Hips-Matrix-animation-input-array" count="44">

0.000000 0.033333 0.066667 0.100000 0.133333 0.166667 0.200000 0.233333 0.266667 0.300000 0.333333 0.366667 0.400000 0.433333 0.466667 0.500000
0.533333 0.566667 0.600000 0.633333 0.666667 0.700000 0.733333 0.766667 0.800000 0.833333 0.866667 0.900000 0.933333 0.966667 1.000000 1.033333
1.066667 1.100000 1.133333 1.166667 1.200000 1.233333 1.266667 1.300000 1.333333 1.366667 1.400000 1.433333</float_array>
        <technique_common>
          <accessor source="#mixamorig_Hips-Matrix-animation-input-array" count="44">
            <param name="TIME" type="float"/>
          </accessor>
        </technique_common>
      </source>
      <source id="mixamorig_Hips-Matrix-animation-output-transform">
        <float_array id="mixamorig_Hips-Matrix-animation-output-transform-array" count="704">

0.896598 0.073662 -0.436676 1.262686 -0.094684 0.995154 -0.026539 85.503197 0.432605 0.065141 0.899227 -2.278403 0.000000 0.000000 0.000000 1.000000
0.886431 0.064149 -0.458395 1.276042 -0.084017 0.996197 -0.023060 85.998260 0.455172 0.058954 0.888450 -2.190536 0.000000 0.000000 0.000000 1.000000
0.872374 0.050324 -0.486241 1.280147 -0.070779 0.997209 -0.023778 87.003052 0.483688 0.055159 0.873501 -2.080713 0.000000 0.000000 0.000000 1.000000
0.856016 0.033185 -0.515883 1.274421 -0.056491 0.997966 -0.029541 88.099716 0.513853 0.054430 0.856150 -1.997853 0.000000 0.000000 0.000000 1.000000
0.839647 0.015158 -0.542921 1.276111 -0.043337 0.998293 -0.039150 89.132278 0.541401 0.056401 0.838870 -1.940934 0.000000 0.000000 0.000000 1.000000
0.826397 -0.000786 -0.563088 1.313842 -0.032362 0.998280 -0.048888 89.948242 0.562158 0.058624 0.824950 -1.880578 0.000000 0.000000 0.000000 1.000000
0.819208 -0.012901 -0.573351 1.418777 -0.022987 0.998205 -0.055304 90.472130 0.573036 0.058485 0.817441 -1.763028 0.000000 0.000000 0.000000 1.000000
0.818957 -0.021040 -0.573469 1.630008 -0.015256 0.998176 -0.058410 90.650887 0.573652 0.056584 0.817142 -1.626616 0.000000 0.000000 0.000000 1.000000
0.824147 -0.025142 -0.565817 1.949055 -0.010254 0.998188 -0.059290 90.236465 0.566283 0.054665 0.822396 -1.668317 0.000000 0.000000 0.000000 1.000000
0.832930 -0.022846 -0.552906 2.198639 -0.011182 0.998249 -0.058093 89.115829 0.553265 0.054570 0.831216 -1.867970 0.000000 0.000000 0.000000 1.000000
0.843634 -0.016548 -0.536664 2.315494 -0.015172 0.998391 -0.054636 87.472046 0.536704 0.054235 0.842026 -2.083403 0.000000 0.000000 0.000000 1.000000
0.856124 -0.008022 -0.516709 2.482533 -0.021138 0.998499 -0.050525 85.961372 0.516338 0.054177 0.854669 -2.293996 0.000000 0.000000 0.000000 1.000000
0.869301 0.001620 -0.494281 2.640753 -0.029832 0.998344 -0.049195 85.468567 0.493382 0.057510 0.867909 -2.558250 0.000000 0.000000 0.000000 1.000000
0.881358 0.010239 -0.472337 2.777368 -0.040664 0.997699 -0.054250 86.192139 0.470695 0.067021 0.879747 -2.907343 0.000000 0.000000 0.000000 1.000000
0.891574 0.016538 -0.452573 2.887202 -0.052424 0.996384 -0.066866 87.819893 0.449831 0.083341 0.889217 -3.306541 0.000000 0.000000 0.000000 1.000000
0.900299 0.020916 -0.434769 2.951484 -0.064137 0.994316 -0.084978 89.338699 0.430521 0.104391 0.896524 -3.663954 0.000000 0.000000 0.000000 1.000000
0.907997 0.021807 -0.418408 2.944247 -0.071907 0.991938 -0.104348 90.364960 0.412759 0.124834 0.902245 -3.779005 0.000000 0.000000 0.000000 1.000000
0.914069 0.024623 -0.404811 2.853452 -0.079682 0.989604 -0.119728 90.742081 0.397655 0.141696 0.906528 -3.691580 0.000000 0.000000 0.000000 1.000000
0.918484 0.027769 -0.394481 2.680707 -0.085078 0.988048 -0.128539 90.508942 0.386197 0.151623 0.909869 -3.506945 0.000000 0.000000 0.000000 1.000000
0.921811 0.022221 -0.387003 2.445970 -0.078923 0.988203 -0.131248 89.740112 0.379521 0.151529 0.912690 -3.187894 0.000000 0.000000 0.000000 1.000000
0.922926 0.012311 -0.384780 2.228420 -0.066276 0.989647 -0.127304 88.213295 0.379229 0.142993 0.914187 -3.049876 0.000000 0.000000 0.000000 1.000000
0.923073 0.007273 -0.384557 1.993150 -0.057116 0.991328 -0.118351 86.372528 0.380361 0.131211 0.915483 -3.302026 0.000000 0.000000 0.000000 1.000000
0.922142 0.001074 -0.386850 1.790482 -0.045897 0.993237 -0.106647 85.782684 0.384119 0.116098 0.915955 -3.328602 0.000000 0.000000 0.000000 1.000000
0.919493 -0.008741 -0.393009 1.514156 -0.031290 0.994953 -0.095336 86.127579 0.391859 0.099958 0.914579 -3.511416 0.000000 0.000000 0.000000 1.000000
0.914645 -0.023258 -0.403588 1.200612 -0.014019 0.995918 -0.089164 87.180252 0.404015 0.087211 0.910586 -3.688627 0.000000 0.000000 0.000000 1.000000
0.908478 -0.039524 -0.416060 0.865123 0.001648 0.995849 -0.091002 88.581390 0.417930 0.081988 0.904772 -3.771621 0.000000 0.000000 0.000000 1.000000
0.902584 -0.053676 -0.427155 0.515637 0.012444 0.995035 -0.098741 89.777298 0.430334 0.083807 0.898771 -3.707355 0.000000 0.000000 0.000000 1.000000
0.898700 -0.063910 -0.433883 0.173399 0.019032 0.994076 -0.107005 90.545181 0.438152 0.087908 0.894592 -3.484136 0.000000 0.000000 0.000000 1.000000
0.898053 -0.068302 -0.434552 -0.220788 0.022022 0.993614 -0.110663 90.849602 0.439336 0.089811 0.893822 -3.115832 0.000000 0.000000 0.000000 1.000000
0.900791 -0.065284 -0.429318 -0.502107 0.020630 0.993952 -0.107858 90.626015 0.433763 0.088301 0.896690 -2.507934 0.000000 0.000000 0.000000 1.000000
0.905926 -0.053258 -0.420074 -0.653923 0.012650 0.995020 -0.098869 89.711449 0.423247 0.084254 0.902088 -1.836891 0.000000 0.000000 0.000000 1.000000
0.912293 -0.035297 -0.408014 -0.660775 0.000830 0.996436 -0.084344 88.013062 0.409537 0.076608 0.909071 -1.428419 0.000000 0.000000 0.000000 1.000000
0.918685 -0.016161 -0.394660 -0.552830 -0.011097 0.997712 -0.066689 86.215324 0.394834 0.065646 0.916404 -1.052825 0.000000 0.000000 0.000000 1.000000
0.925714 0.003807 -0.378206 -0.345624 -0.025053 0.998371 -0.051269 85.590218 0.377394 0.056936 0.924301 -0.885306 0.000000 0.000000 0.000000 1.000000
0.931973 0.025059 -0.361660 -0.091576 -0.041984 0.998356 -0.039013 86.210121 0.360088 0.051543 0.931493 -0.965795 0.000000 0.000000 0.000000 1.000000
0.935135 0.044120 -0.351534 0.190308 -0.058532 0.997820 -0.030470 87.793663 0.349424 0.049070 0.935679 -1.257395 0.000000 0.000000 0.000000 1.000000
0.934865 0.057082 -0.350385 0.480677 -0.071441 0.997047 -0.028182 89.334152 0.347741 0.051378 0.936182 -1.675907 0.000000 0.000000 0.000000 1.000000
0.932018 0.063483 -0.356809 0.750895 -0.079759 0.996330 -0.031072 90.268562 0.353527 0.057418 0.933661 -2.121168 0.000000 0.000000 0.000000 1.000000
0.926643 0.066554 -0.370003 0.970464 -0.085044 0.995802 -0.033865 90.612640 0.366196 0.062848 0.928413 -2.465746 0.000000 0.000000 0.000000 1.000000
0.918204 0.071350 -0.389630 1.132980 -0.090739 0.995374 -0.031561 90.469925 0.385576 0.064334 0.920431 -2.574317 0.000000 0.000000 0.000000 1.000000
0.908046 0.076497 -0.411826 1.232292 -0.095046 0.995166 -0.024717 89.697655 0.407944 0.061587 0.910927 -2.385978 0.000000 0.000000 0.000000 1.000000
0.898051 0.075363 -0.433388 1.251307 -0.091926 0.995615 -0.017356 88.121407 0.430180 0.055427 0.901040 -2.156604 0.000000 0.000000 0.000000 1.000000
0.890670 0.073745 -0.448629 1.285193 -0.089059 0.995940 -0.013099 86.329391 0.445842 0.051621 0.893622 -2.080225 0.000000 0.000000 0.000000 1.000000
0.896597 0.073662 -0.436678 1.262378 -0.094685 0.995154 -0.026539 85.503189 0.432607 0.065142 0.899226 -2.278408 0.000000 0.000000 0.000000 1.000000</float_array>
        <technique_common>
          <accessor source="#mixamorig_Hips-Matrix-animation-output-transform-array" count="44" stride="16">
            <param type="float4x4"/>
          </accessor>
        </technique_common>
      </source>
      <source id="mixamorig_Hips-Interpolations">
        <Name_array id="mixamorig_Hips-Interpolations-array" count="44">
 LINEAR LINEAR LINEAR LINEAR LINEAR LINEAR LINEAR LINEAR LINEAR LINEAR LINEAR
LINEAR LINEAR LINEAR LINEAR LINEAR LINEAR LINEAR LINEAR LINEAR LINEAR LINEAR LINEAR
LINEAR LINEAR LINEAR LINEAR LINEAR LINEAR LINEAR LINEAR LINEAR LINEAR LINEAR LINEAR
LINEAR LINEAR LINEAR LINEAR LINEAR LINEAR LINEAR LINEAR LINEAR</Name_array>
        <technique_common>
          <accessor source="#mixamorig_Hips-Interpolations-array" count="44">
            <param type="name"/>
          </accessor>
        </technique_common>
      </source>
      <sampler id="mixamorig_Hips-Matrix-animation-transform">
        <input semantic="INPUT" source="#mixamorig_Hips-Matrix-animation-input"/>
        <input semantic="OUTPUT" source="#mixamorig_Hips-Matrix-animation-output-transform"/>
        <input semantic="INTERPOLATION" source="#mixamorig_Hips-Interpolations"/>
      </sampler>
      <channel source="#mixamorig_Hips-Matrix-animation-transform" target="mixamorig_Hips/matrix"/>
    </animation>
    <animation id="mixamorig_Spine-anim" name="mixamorig_Spine">
      <source id="mixamorig_Spine-Matrix-animation-input">
        <float_array id="mixamorig_Spine-Matrix-animation-input-array" count="44">

0.000000 0.033333 0.066667 0.100000 0.133333 0.166667 0.200000 0.233333 0.266667 0.300000 0.333333 0.366667 0.400000 0.433333 0.466667 0.500000
0.533333 0.566667 0.600000 0.633333 0.666667 0.700000 0.733333 0.766667 0.800000 0.833333 0.866667 0.900000 0.933333 0.966667 1.000000 1.033333
1.066667 1.100000 1.133333 1.166667 1.200000 1.233333 1.266667 1.300000 1.333333 1.366667 1.400000 1.433333</float_array>
        <technique_common>
          <accessor source="#mixamorig_Spine-Matrix-animation-input-array" count="44">
            <param name="TIME" type="float"/>
          </accessor>
        </technique_common>
      </source>
      <source id="mixamorig_Spine-Matrix-animation-output-transform">
        <float_array id="mixamorig_Spine-Matrix-animation-output-transform-array" count="704">

0.999597 -0.028342 -0.001739 0.000000 0.027788 0.988975 -0.145453 12.246100 0.005842 0.145346 0.989364 0.234600 0.000000 0.000000 0.000000 1.000000
0.999726 -0.023422 -0.000016 -0.000000 0.023171 0.989119 -0.145279 12.246100 0.003419 0.145239 0.989391 0.234600 0.000000 0.000000 0.000000 1.000000
0.999859 -0.016637 0.002182 0.000000 0.016778 0.989392 -0.144300 12.246100 0.000242 0.144316 0.989532 0.234600 0.000000 0.000000 0.000000 1.000000
0.999948 -0.009132 0.004537 -0.000000 0.009686 0.989737 -0.142571 12.246100 -0.003189 0.142608 0.989774 0.234600 0.000000 0.000000 0.000000 1.000000
0.999974 -0.002051 0.006890 0.000000 0.002998 0.990090 -0.140403 12.246100 -0.006534 0.140420 0.990071 0.234600 0.000000 0.000000 0.000000 1.000000
0.999955 0.003670 0.008781 0.000000 -0.002418 0.990363 -0.138473 12.246100 -0.009204 0.138446 0.990327 0.234600 0.000000 0.000000 0.000000 1.000000
0.999922 0.007685 0.009823 0.000000 -0.006262 0.990493 -0.137419 12.246100 -0.010786 0.137347 0.990464 0.234600 0.000000 0.000000 0.000000 1.000000
0.999895 0.010522 0.009926 -0.000000 -0.009061 0.990494 -0.137254 12.246100 -0.011276 0.137149 0.990486 0.234600 0.000000 0.000000 0.000000 1.000000
0.999863 0.013679 0.009372 -0.000000 -0.012258 0.990386 -0.137790 12.246100 -0.011167 0.137656 0.990417 0.234600 0.000000 0.000000 0.000000 1.000000
0.999849 0.015131 0.008515 0.000000 -0.013800 0.990182 -0.139100 12.246100 -0.010536 0.138961 0.990242 0.234600 0.000000 0.000000 0.000000 1.000000
0.999890 0.012914 0.007302 -0.000000 -0.011753 0.989898 -0.141293 12.246100 -0.009053 0.141192 0.989941 0.234600 0.000000 0.000000 0.000000 1.000000
0.999951 0.008586 0.004994 -0.000000 -0.007778 0.989567 -0.143863 12.246100 -0.006177 0.143817 0.989585 0.234600 0.000000 0.000000 0.000000 1.000000
0.999996 0.001963 0.002187 0.000000 -0.001623 0.989292 -0.145942 12.246100 -0.002451 0.145938 0.989291 0.234600 0.000000 0.000000 0.000000 1.000000
0.999983 -0.005826 -0.000347 0.000000 0.005712 0.989178 -0.146610 12.246100 0.001198 0.146605 0.989194 0.234600 0.000000 0.000000 0.000000 1.000000
0.999901 -0.013920 -0.002233 0.000000 0.013448 0.989268 -0.145491 12.246100 0.004234 0.145446 0.989357 0.234600 0.000000 0.000000 0.000000 1.000000
0.999748 -0.022173 -0.003551 0.000000 0.021438 0.989499 -0.142939 12.246100 0.006683 0.142827 0.989725 0.234600 0.000000 0.000000 0.000000 1.000000
0.999614 -0.027264 -0.005267 0.000000 0.026262 0.989849 -0.139674 12.246100 0.009022 0.139482 0.990184 0.234600 0.000000 0.000000 0.000000 1.000000
0.999471 -0.031873 -0.006504 -0.000000 0.030684 0.990108 -0.136908 12.246100 0.010804 0.136636 0.990562 0.234600 0.000000 0.000000 0.000000 1.000000
0.999318 -0.036212 -0.007262 -0.000000 0.034898 0.990187 -0.135323 12.246100 0.012091 0.134977 0.990775 0.234600 0.000000 0.000000 0.000000 1.000000
0.999279 -0.037115 -0.007981 -0.000000 0.035702 0.990223 -0.134849 12.246100 0.012908 0.134467 0.990834 0.234600 0.000000 0.000000 0.000000 1.000000
0.999338 -0.035505 -0.007971 0.000000 0.034097 0.990162 -0.135711 12.246100 0.012711 0.135349 0.990716 0.234600 0.000000 0.000000 0.000000 1.000000
0.999380 -0.034332 -0.007746 0.000000 0.032940 0.989929 -0.137678 12.246100 0.012395 0.137337 0.990447 0.234600 0.000000 0.000000 0.000000 1.000000
0.999546 -0.029424 -0.006460 -0.000000 0.028231 0.989753 -0.139971 12.246100 0.010513 0.139725 0.990135 0.234600 0.000000 0.000000 0.000000 1.000000
0.999720 -0.023215 -0.004656 0.000000 0.022319 0.989624 -0.141936 12.246100 0.007903 0.141793 0.989865 0.234600 0.000000 0.000000 0.000000 1.000000
0.999873 -0.015809 -0.002208 0.000000 0.015333 0.989665 -0.142579 12.246100 0.004440 0.142527 0.989781 0.234600 0.000000 0.000000 0.000000 1.000000
0.999971 -0.007583 0.000494 0.000000 0.007576 0.989935 -0.141319 12.246100 0.000583 0.141319 0.989964 0.234600 0.000000 0.000000 0.000000 1.000000
0.999996 -0.000270 0.002877 0.000000 0.000666 0.990346 -0.138615 12.246100 -0.002812 0.138616 0.990342 0.234600 0.000000 0.000000 0.000000 1.000000
0.999978 0.005120 0.004290 0.000000 -0.004491 0.990756 -0.135581 12.246100 -0.004945 0.135559 0.990757 0.234600 0.000000 0.000000 0.000000 1.000000
0.999954 0.008471 0.004430 -0.000000 -0.007804 0.991041 -0.133332 12.246100 -0.005520 0.133291 0.991062 0.234600 0.000000 0.000000 0.000000 1.000000
0.999941 0.010254 0.003710 -0.000000 -0.009672 0.991149 -0.132400 12.246100 -0.005035 0.132356 0.991189 0.234600 0.000000 0.000000 0.000000 1.000000
0.999929 0.011499 0.003121 0.000000 -0.010982 0.991068 -0.132908 12.246100 -0.004621 0.132864 0.991124 0.234600 0.000000 0.000000 0.000000 1.000000
0.999935 0.011130 0.002383 -0.000000 -0.010706 0.990791 -0.134973 12.246100 -0.003863 0.134939 0.990846 0.234600 0.000000 0.000000 0.000000 1.000000
0.999972 0.007339 0.001666 0.000000 -0.007038 0.990365 -0.138301 12.246100 -0.002665 0.138285 0.990389 0.234600 0.000000 0.000000 0.000000 1.000000
0.999996 0.002890 -0.000696 -0.000000 -0.002959 0.989913 -0.141646 12.246100 0.000280 0.141648 0.989917 0.234600 0.000000 0.000000 0.000000 1.000000
0.999990 -0.002962 -0.003198 0.000000 0.002467 0.989463 -0.144767 12.246100 0.003593 0.144758 0.989461 0.234600 0.000000 0.000000 0.000000 1.000000
0.999950 -0.008755 -0.004776 0.000000 0.007956 0.989061 -0.147295 12.246100 0.006013 0.147250 0.989081 0.234600 0.000000 0.000000 0.000000 1.000000
0.999894 -0.013585 -0.005224 -0.000000 0.012660 0.988849 -0.148385 12.246100 0.007182 0.148303 0.988916 0.234600 0.000000 0.000000 0.000000 1.000000
0.999835 -0.017438 -0.005079 -0.000000 0.016494 0.988847 -0.148022 12.246100 0.007604 0.147914 0.988971 0.234600 0.000000 0.000000 0.000000 1.000000
0.999787 -0.020154 -0.004484 0.000000 0.019275 0.988929 -0.147129 12.246100 0.007400 0.147011 0.989107 0.234600 0.000000 0.000000 0.000000 1.000000
0.999758 -0.021762 -0.003102 0.000000 0.021072 0.988950 -0.146742 12.246100 0.006261 0.146642 0.989170 0.234600 0.000000 0.000000 0.000000 1.000000
0.999732 -0.023086 -0.001447 0.000000 0.022623 0.988870 -0.147055 12.246100 0.004826 0.146983 0.989127 0.234600 0.000000 0.000000 0.000000 1.000000
0.999718 -0.023739 -0.000378 -0.000000 0.023423 0.988769 -0.147605 12.246100 0.003878 0.147554 0.989046 0.234600 0.000000 0.000000 0.000000 1.000000
0.999694 -0.024756 0.000047 0.000000 0.024491 0.988696 -0.147923 12.246100 0.003615 0.147879 0.988999 0.234600 0.000000 0.000000 0.000000 1.000000
0.999597 -0.028325 -0.001715 0.000000 0.027774 0.988975 -0.145455 12.246100 0.005816 0.145349 0.989363 0.234600 0.000000 0.000000 0.000000 1.000000</float_array>
        <technique_common>
          <accessor source="#mixamorig_Spine-Matrix-animation-output-transform-array" count="44" stride="16">
            <param type="float4x4"/>
          </accessor>
        </technique_common>
      </source>
      <source id="mixamorig_Spine-Interpolations">
        <Name_array id="mixamorig_Spine-Interpolations-array" count="44">
 LINEAR LINEAR LINEAR LINEAR LINEAR LINEAR LINEAR LINEAR LINEAR LINEAR LINEAR
LINEAR LINEAR LINEAR LINEAR LINEAR LINEAR LINEAR LINEAR LINEAR LINEAR LINEAR LINEAR
LINEAR LINEAR LINEAR LINEAR LINEAR LINEAR LINEAR LINEAR LINEAR LINEAR LINEAR LINEAR
LINEAR LINEAR LINEAR LINEAR LINEAR LINEAR LINEAR LINEAR LINEAR</Name_array>
        <technique_common>
          <accessor source="#mixamorig_Spine-Interpolations-array" count="44">
            <param type="name"/>
          </accessor>
        </technique_common>
      </source>
      <sampler id="mixamorig_Spine-Matrix-animation-transform">
        <input semantic="INPUT" source="#mixamorig_Spine-Matrix-animation-input"/>
        <input semantic="OUTPUT" source="#mixamorig_Spine-Matrix-animation-output-transform"/>
        <input semantic="INTERPOLATION" source="#mixamorig_Spine-Interpolations"/>
      </sampler>
      <channel source="#mixamorig_Spine-Matrix-animation-transform" target="mixamorig_Spine/matrix"/>
    </animation>
    <animation id="mixamorig_Spine1-anim" name="mixamorig_Spine1">
      <source id="mixamorig_Spine1-Matrix-animation-input">
        <float_array id="mixamorig_Spine1-Matrix-animation-input-array" count="44">

0.000000 0.033333 0.066667 0.100000 0.133333 0.166667 0.200000 0.233333 0.266667 0.300000 0.333333 0.366667 0.400000 0.433333 0.466667 0.500000
0.533333 0.566667 0.600000 0.633333 0.666667 0.700000 0.733333 0.766667 0.800000 0.833333 0.866667 0.900000 0.933333 0.966667 1.000000 1.033333
1.066667 1.100000 1.133333 1.166667 1.200000 1.233333 1.266667 1.300000 1.333333 1.366667 1.400000 1.433333</float_array>
        <technique_common>
          <accessor source="#mixamorig_Spine1-Matrix-animation-input-array" count="44">
            <param name="TIME" type="float"/>
          </accessor>
        </technique_common>
      </source>
      <source id="mixamorig_Spine1-Matrix-animation-output-transform">
        <float_array id="mixamorig_Spine1-Matrix-animation-output-transform-array" count="704">

0.999009 -0.044453 -0.002288 0.000000 0.042464 0.967208 -0.250412 14.289700 0.013345 0.250067 0.968137 -0.000000 0.000000 0.000000 0.000000 1.000000
0.999424 -0.033926 -0.000048 0.000000 0.032837 0.967678 -0.250040 14.289700 0.008530 0.249895 0.968235 -0.000000 0.000000 0.000000 0.000000 1.000000
0.999771 -0.021156 0.003140 -0.000000 0.021273 0.968483 -0.248170 14.289700 0.002209 0.248180 0.968712 0.000000 0.000000 0.000000 0.000000 1.000000
0.999949 -0.007566 0.006616 0.000000 0.008956 0.969514 -0.244872 14.289700 -0.004562 0.244919 0.969533 -0.000000 0.000000 0.000000 0.000000 1.000000
0.999936 0.005064 0.010130 -0.000000 -0.002477 0.970590 -0.240725 14.289700 -0.011051 0.240684 0.970541 0.000000 0.000000 0.000000 0.000000 1.000000
0.999795 0.015361 0.013192 0.000000 -0.011798 0.971430 -0.237034 14.289700 -0.016457 0.236830 0.971412 0.000000 0.000000 0.000000 0.000000 1.000000
0.999631 0.022703 0.014899 0.000000 -0.018568 0.971811 -0.235030 14.289700 -0.019815 0.234667 0.971874 0.000000 0.000000 0.000000 0.000000 1.000000
0.999529 0.026701 0.015103 -0.000000 -0.022412 0.971791 -0.234776 14.289700 -0.020946 0.234327 0.971932 -0.000000 0.000000 0.000000 0.000000 1.000000
0.999532 0.026862 0.014661 0.000000 -0.022647 0.971483 -0.236023 14.289700 -0.020583 0.235581 0.971637 0.000000 0.000000 0.000000 0.000000 1.000000
0.999630 0.023277 0.014066 -0.000000 -0.019248 0.970880 -0.238793 14.289700 -0.019215 0.238434 0.970969 -0.000000 0.000000 0.000000 0.000000 1.000000
0.999756 0.018366 0.012302 -0.000000 -0.014826 0.969889 -0.243094 14.289700 -0.016397 0.242852 0.969925 0.000000 0.000000 0.000000 0.000000 1.000000
0.999895 0.011469 0.008876 0.000000 -0.008909 0.968706 -0.248052 14.289700 -0.011443 0.247946 0.968706 0.000000 0.000000 0.000000 0.000000 1.000000
0.999989 0.002347 0.004094 -0.000000 -0.001240 0.967739 -0.251951 14.289700 -0.004553 0.251943 0.967731 0.000000 0.000000 0.000000 0.000000 1.000000
0.999963 -0.008565 -0.000736 0.000000 0.008100 0.967418 -0.253055 14.289700 0.002879 0.253039 0.967452 0.000000 0.000000 0.000000 0.000000 1.000000
0.999776 -0.020581 -0.004847 0.000000 0.018709 0.967888 -0.250684 14.289700 0.009851 0.250538 0.968057 0.000000 0.000000 0.000000 0.000000 1.000000
0.999417 -0.033122 -0.008306 -0.000000 0.030071 0.968925 -0.245520 14.289700 0.016180 0.245127 0.969356 0.000000 0.000000 0.000000 0.000000 1.000000
0.998901 -0.045523 -0.011172 0.000000 0.041534 0.970070 -0.239249 14.289700 0.021729 0.238522 0.970894 0.000000 0.000000 0.000000 0.000000 1.000000
0.998277 -0.057271 -0.012780 -0.000000 0.052700 0.970811 -0.233984 14.289700 0.025808 0.232907 0.972157 -0.000000 0.000000 0.000000 0.000000 1.000000
0.997721 -0.066114 -0.013503 -0.000000 0.061222 0.971046 -0.230915 14.289700 0.028378 0.229562 0.972880 0.000000 0.000000 0.000000 0.000000 1.000000
0.997541 -0.068510 -0.014805 -0.000000 0.063281 0.971123 -0.230033 14.289700 0.030137 0.228530 0.973070 0.000000 0.000000 0.000000 0.000000 1.000000
0.997785 -0.064848 -0.014825 0.000000 0.059662 0.970958 -0.231691 14.289700 0.029419 0.230293 0.972677 0.000000 0.000000 0.000000 0.000000 1.000000
0.998184 -0.058822 -0.013018 -0.000000 0.054115 0.970404 -0.235347 14.289700 0.026477 0.234215 0.971824 0.000000 0.000000 0.000000 0.000000 1.000000
0.998684 -0.050206 -0.010448 0.000000 0.046240 0.969703 -0.239869 14.289700 0.022174 0.239070 0.970749 0.000000 0.000000 0.000000 0.000000 1.000000
0.999266 -0.037582 -0.007486 -0.000000 0.034627 0.969237 -0.243680 14.289700 0.016413 0.243242 0.969827 0.000000 0.000000 0.000000 0.000000 1.000000
0.999749 -0.022022 -0.004216 0.000000 0.020320 0.969339 -0.244887 14.289700 0.009480 0.244740 0.969542 0.000000 0.000000 0.000000 0.000000 1.000000
0.999977 -0.006746 -0.000741 0.000000 0.006365 0.970137 -0.242473 14.289700 0.002355 0.242462 0.970158 -0.000000 0.000000 0.000000 0.000000 1.000000
0.999979 0.006086 0.002397 -0.000000 -0.005344 0.971431 -0.237262 14.289700 -0.003773 0.237244 0.971443 0.000000 0.000000 0.000000 0.000000 1.000000
0.999864 0.015947 0.004165 0.000000 -0.014551 0.972758 -0.231365 14.289700 -0.007741 0.231273 0.972858 -0.000000 0.000000 0.000000 0.000000 1.000000
0.999740 0.022418 0.004183 0.000000 -0.020884 0.973680 -0.226962 14.289700 -0.009161 0.226815 0.973895 0.000000 0.000000 0.000000 0.000000 1.000000
0.999685 0.024922 0.002960 -0.000000 -0.023616 0.974035 -0.225161 14.289700 -0.008495 0.225020 0.974317 0.000000 0.000000 0.000000 0.000000 1.000000
0.999745 0.022524 0.001773 0.000000 -0.021538 0.973812 -0.226333 14.289700 -0.006824 0.226237 0.974048 0.000000 0.000000 0.000000 0.000000 1.000000
0.999849 0.017353 0.000425 0.000000 -0.016788 0.972915 -0.230552 14.289700 -0.004414 0.230510 0.973060 -0.000000 0.000000 0.000000 0.000000 1.000000
0.999924 0.012167 -0.001931 0.000000 -0.012278 0.971439 -0.236973 14.289700 -0.001007 0.236979 0.971514 0.000000 0.000000 0.000000 0.000000 1.000000
0.999979 0.004375 -0.004813 -0.000000 -0.005415 0.969889 -0.243488 14.289700 0.003603 0.243509 0.969892 0.000000 0.000000 0.000000 0.000000 1.000000
0.999953 -0.005531 -0.007935 0.000000 0.003376 0.968360 -0.249535 14.289700 0.009064 0.249497 0.968333 0.000000 0.000000 0.000000 0.000000 1.000000
0.999838 -0.015158 -0.009731 -0.000000 0.012184 0.967019 -0.254413 14.289700 0.013267 0.254254 0.967047 0.000000 0.000000 0.000000 0.000000 1.000000
0.999683 -0.023096 -0.010040 0.000000 0.019750 0.966347 -0.256484 14.289700 0.015626 0.256205 0.966496 0.000000 0.000000 0.000000 0.000000 1.000000
0.999522 -0.029354 -0.009737 0.000000 0.025890 0.966404 -0.255722 14.289700 0.016917 0.255347 0.966701 0.000000 0.000000 0.000000 0.000000 1.000000
0.999364 -0.034593 -0.008661 0.000000 0.031261 0.966706 -0.253975 14.289700 0.017158 0.253542 0.967172 0.000000 0.000000 0.000000 0.000000 1.000000
0.999196 -0.039669 -0.005822 0.000000 0.036902 0.966683 -0.253301 14.289700 0.015677 0.252883 0.967370 -0.000000 0.000000 0.000000 0.000000 1.000000
0.999058 -0.043314 -0.002545 0.000000 0.041249 0.966340 -0.253941 14.289700 0.013459 0.253597 0.967216 0.000000 0.000000 0.000000 0.000000 1.000000
0.999091 -0.042621 -0.000265 0.000000 0.041145 0.966086 -0.254920 14.289700 0.011121 0.254677 0.966962 -0.000000 0.000000 0.000000 0.000000 1.000000
0.999160 -0.040968 0.001332 -0.000000 0.039949 0.966013 -0.255389 14.289700 0.009176 0.255227 0.966838 0.000000 0.000000 0.000000 0.000000 1.000000
0.999011 -0.044416 -0.002242 0.000000 0.042440 0.967208 -0.250416 14.289700 0.013290 0.250073 0.968136 0.000000 0.000000 0.000000 0.000000 1.000000</float_array>
        <technique_common>
          <accessor source="#mixamorig_Spine1-Matrix-animation-output-transform-array" count="44" stride="16">
            <param type="float4x4"/>
          </accessor>
        </technique_common>
      </source>
      <source id="mixamorig_Spine1-Interpolations">
        <Name_array id="mixamorig_Spine1-Interpolations-array" count="44">
 LINEAR LINEAR LINEAR LINEAR LINEAR LINEAR LINEAR LINEAR LINEAR LINEAR LINEAR
LINEAR LINEAR LINEAR LINEAR LINEAR LINEAR LINEAR LINEAR LINEAR LINEAR LINEAR LINEAR
LINEAR LINEAR LINEAR LINEAR LINEAR LINEAR LINEAR LINEAR LINEAR LINEAR LINEAR LINEAR
LINEAR LINEAR LINEAR LINEAR LINEAR LINEAR LINEAR LINEAR LINEAR</Name_array>
        <technique_common>
          <accessor source="#mixamorig_Spine1-Interpolations-array" count="44">
            <param type="name"/>
          </accessor>
        </technique_common>
      </source>
      <sampler id="mixamorig_Spine1-Matrix-animation-transform">
        <input semantic="INPUT" source="#mixamorig_Spine1-Matrix-animation-input"/>
        <input semantic="OUTPUT" source="#mixamorig_Spine1-Matrix-animation-output-transform"/>
        <input semantic="INTERPOLATION" source="#mixamorig_Spine1-Interpolations"/>
      </sampler>
      <channel source="#mixamorig_Spine1-Matrix-animation-transform" target="mixamorig_Spine1/matrix"/>
    </animation>
    <animation id="mixamorig_Spine2-anim" name="mixamorig_Spine2">
      <source id="mixamorig_Spine2-Matrix-animation-input">
        <float_array id="mixamorig_Spine2-Matrix-animation-input-array" count="44">

0.000000 0.033333 0.066667 0.100000 0.133333 0.166667 0.200000 0.233333 0.266667 0.300000 0.333333 0.366667 0.400000 0.433333 0.466667 0.500000
0.533333 0.566667 0.600000 0.633333 0.666667 0.700000 0.733333 0.766667 0.800000 0.833333 0.866667 0.900000 0.933333 0.966667 1.000000 1.033333
1.066667 1.100000 1.133333 1.166667 1.200000 1.233333 1.266667 1.300000 1.333333 1.366667 1.400000 1.433333</float_array>
        <technique_common>
          <accessor source="#mixamorig_Spine2-Matrix-animation-input-array" count="44">
            <param name="TIME" type="float"/>
          </accessor>
        </technique_common>
      </source>
      <source id="mixamorig_Spine2-Matrix-animation-output-transform">
        <float_array id="mixamorig_Spine2-Matrix-animation-output-transform-array" count="704">

0.999009 -0.044453 -0.002288 -0.000000 0.042464 0.967208 -0.250412 16.330999 0.013344 0.250067 0.968137 0.000000 0.000000 0.000000 0.000000 1.000000
0.999424 -0.033926 -0.000048 -0.000000 0.032837 0.967678 -0.250040 16.330999 0.008530 0.249895 0.968235 0.000000 0.000000 0.000000 0.000000 1.000000
0.999771 -0.021156 0.003140 0.000000 0.021273 0.968483 -0.248169 16.330999 0.002209 0.248180 0.968712 0.000000 0.000000 0.000000 0.000000 1.000000
0.999949 -0.007566 0.006616 0.000000 0.008956 0.969514 -0.244872 16.330999 -0.004562 0.244919 0.969533 0.000000 0.000000 0.000000 0.000000 1.000000
0.999936 0.005064 0.010130 0.000000 -0.002477 0.970590 -0.240725 16.330999 -0.011051 0.240684 0.970541 0.000000 0.000000 0.000000 0.000000 1.000000
0.999795 0.015361 0.013193 0.000000 -0.011798 0.971430 -0.237034 16.330999 -0.016457 0.236830 0.971412 0.000000 0.000000 0.000000 0.000000 1.000000
0.999631 0.022703 0.014899 0.000000 -0.018568 0.971811 -0.235030 16.330999 -0.019815 0.234667 0.971874 0.000000 0.000000 0.000000 0.000000 1.000000
0.999529 0.026701 0.015103 0.000000 -0.022412 0.971791 -0.234776 16.330999 -0.020946 0.234327 0.971932 -0.000000 0.000000 0.000000 0.000000 1.000000
0.999532 0.026862 0.014661 0.000000 -0.022647 0.971483 -0.236023 16.330999 -0.020583 0.235581 0.971637 0.000000 0.000000 0.000000 0.000000 1.000000
0.999630 0.023277 0.014066 -0.000000 -0.019248 0.970880 -0.238793 16.330999 -0.019215 0.238434 0.970969 -0.000000 0.000000 0.000000 0.000000 1.000000
0.999756 0.018366 0.012302 -0.000000 -0.014826 0.969889 -0.243094 16.330999 -0.016397 0.242852 0.969925 -0.000000 0.000000 0.000000 0.000000 1.000000
0.999895 0.011469 0.008876 0.000000 -0.008909 0.968706 -0.248052 16.330999 -0.011443 0.247947 0.968706 0.000000 0.000000 0.000000 0.000000 1.000000
0.999989 0.002347 0.004094 -0.000000 -0.001240 0.967739 -0.251951 16.330999 -0.004553 0.251943 0.967731 0.000000 0.000000 0.000000 0.000000 1.000000
0.999963 -0.008565 -0.000736 0.000000 0.008100 0.967418 -0.253055 16.330999 0.002880 0.253040 0.967452 0.000000 0.000000 0.000000 0.000000 1.000000
0.999776 -0.020581 -0.004847 0.000000 0.018709 0.967888 -0.250685 16.330999 0.009851 0.250538 0.968057 0.000000 0.000000 0.000000 0.000000 1.000000
0.999417 -0.033122 -0.008306 -0.000000 0.030071 0.968925 -0.245520 16.330999 0.016180 0.245127 0.969356 0.000000 0.000000 0.000000 0.000000 1.000000
0.998901 -0.045523 -0.011172 -0.000000 0.041534 0.970070 -0.239249 16.330999 0.021729 0.238522 0.970894 0.000000 0.000000 0.000000 0.000000 1.000000
0.998277 -0.057271 -0.012780 0.000000 0.052700 0.970811 -0.233984 16.330999 0.025808 0.232907 0.972157 0.000000 0.000000 0.000000 0.000000 1.000000
0.997721 -0.066114 -0.013502 -0.000000 0.061222 0.971046 -0.230914 16.330999 0.028378 0.229561 0.972880 0.000000 0.000000 0.000000 0.000000 1.000000
0.997541 -0.068510 -0.014805 0.000000 0.063281 0.971123 -0.230033 16.330999 0.030137 0.228530 0.973070 0.000000 0.000000 0.000000 0.000000 1.000000
0.997785 -0.064848 -0.014825 0.000000 0.059661 0.970958 -0.231691 16.330999 0.029419 0.230293 0.972677 0.000000 0.000000 0.000000 0.000000 1.000000
