<?xml version="1.0" encoding="utf-8"?>
<COLLADA xmlns="http://www.collada.org/2005/11/COLLADASchema" version="1.4.1">
  <asset>
    <contributor>
      <author>Mixamo</author>
      <authoring_tool>COLLADA Mixamo exporter</authoring_tool>
      <comments/>
    </contributor>
    <created>2024-03-23T02:44:45Z</created>
    <modified>2024-03-23T02:44:45Z</modified>
    <revision/>
    <title/>
    <unit meter="0.010000"/>
    <up_axis>Y_UP</up_axis>
  </asset>
  <library_animations>
    <animation id="Armature-anim" name="Armature">
      <source id="Armature-Matrix-animation-input">
        <float_array id="Armature-Matrix-animation-input-array" count="31">

0.000000 0.033333 0.066667 0.100000 0.133333 0.166667 0.200000 0.233333 0.266667 0.300000 0.333333 0.366667 0.400000 0.433333 0.466667 0.500000
0.533333 0.566667 0.600000 0.633333 0.666667 0.700000 0.733333 0.766667 0.800000 0.833333 0.866667 0.900000 0.933333 0.966667 1.000000</float_array>
        <technique_common>
          <accessor source="#Armature-Matrix-animation-input-array" count="31">
            <param name="TIME" type="float"/>
          </accessor>
        </technique_common>
      </source>
      <source id="Armature-Matrix-animation-output-transform">
        <float_array id="Armature-Matrix-animation-output-transform-array" count="496">

1.000000 0.000000 0.000000 0.000000 0.000000 1.000000 0.000000 0.000000 0.000000 0.000000 1.000000 0.000000 0.000000 0.000000 0.000000 1.000000
1.000000 0.000000 0.000000 0.000000 0.000000 1.000000 0.000000 0.000000 0.000000 0.000000 1.000000 0.000000 0.000000 0.000000 0.000000 1.000000
1.000000 0.000000 0.000000 0.000000 0.000000 1.000000 0.000000 0.000000 0.000000 0.000000 1.000000 0.000000 0.000000 0.000000 0.000000 1.000000
1.000000 0.000000 0.000000 0.000000 0.000000 1.000000 0.000000 0.000000 0.000000 0.000000 1.000000 0.000000 0.000000 0.000000 0.000000 1.000000
1.000000 0.000000 0.000000 0.000000 0.000000 1.000000 0.000000 0.000000 0.000000 0.000000 1.000000 0.000000 0.000000 0.000000 0.000000 1.000000
1.000000 0.000000 0.000000 0.000000 0.000000 1.000000 0.000000 0.000000 0.000000 0.000000 1.000000 0.000000 0.000000 0.000000 0.000000 1.000000
1.000000 0.000000 0.000000 0.000000 0.000000 1.000000 0.000000 0.000000 0.000000 0.000000 1.000000 0.000000 0.000000 0.000000 0.000000 1.000000
1.000000 0.000000 0.000000 0.000000 0.000000 1.000000 0.000000 0.000000 0.000000 0.000000 1.000000 0.000000 0.000000 0.000000 0.000000 1.000000
1.000000 0.000000 0.000000 0.000000 0.000000 1.000000 0.000000 0.000000 0.000000 0.000000 1.000000 0.000000 0.000000 0.000000 0.000000 1.000000
1.000000 0.000000 0.000000 0.000000 0.000000 1.000000 0.000000 0.000000 0.000000 0.000000 1.000000 0.000000 0.000000 0.000000 0.000000 1.000000
1.000000 0.000000 0.000000 0.000000 0.000000 1.000000 0.000000 0.000000 0.000000 0.000000 1.000000 0.000000 0.000000 0.000000 0.000000 1.000000
1.000000 0.000000 0.000000 0.000000 0.000000 1.000000 0.000000 0.000000 0.000000 0.000000 1.000000 0.000000 0.000000 0.000000 0.000000 1.000000
1.000000 0.000000 0.000000 0.000000 0.000000 1.000000 0.000000 0.000000 0.000000 0.000000 1.000000 0.000000 0.000000 0.000000 0.000000 1.000000
1.000000 0.000000 0.000000 0.000000 0.000000 1.000000 0.000000 0.000000 0.000000 0.000000 1.000000 0.000000 0.000000 0.000000 0.000000 1.000000
1.000000 0.000000 0.000000 0.000000 0.000000 1.000000 0.000000 0.000000 0.000000 0.000000 1.000000 0.000000 0.000000 0.000000 0.000000 1.000000
1.000000 0.000000 0.000000 0.000000 0.000000 1.000000 0.000000 0.000000 0.000000 0.000000 1.000000 0.000000 0.000000 0.000000 0.000000 1.000000
1.000000 0.000000 0.000000 0.000000 0.000000 1.000000 0.000000 0.000000 0.000000 0.000000 1.000000 0.000000 0.000000 0.000000 0.000000 1.000000
1.000000 0.000000 0.000000 0.000000 0.000000 1.000000 0.000000 0.000000 0.000000 0.000000 1.000000 0.000000 0.000000 0.000000 0.000000 1.000000
1.000000 0.000000 0.000000 0.000000 0.000000 1.000000 0.000000 0.000000 0.000000 0.000000 1.000000 0.000000 0.000000 0.000000 0.000000 1.000000
1.000000 0.000000 0.000000 0.000000 0.000000 1.000000 0.000000 0.000000 0.000000 0.000000 1.000000 0.000000 0.000000 0.000000 0.000000 1.000000
1.000000 0.000000 0.000000 0.000000 0.000000 1.000000 0.000000 0.000000 0.000000 0.000000 1.000000 0.000000 0.000000 0.000000 0.000000 1.000000
1.000000 0.000000 0.000000 0.000000 0.000000 1.000000 0.000000 0.000000 0.000000 0.000000 1.000000 0.000000 0.000000 0.000000 0.000000 1.000000
1.000000 0.000000 0.000000 0.000000 0.000000 1.000000 0.000000 0.000000 0.000000 0.000000 1.000000 0.000000 0.000000 0.000000 0.000000 1.000000
1.000000 0.000000 0.000000 0.000000 0.000000 1.000000 0.000000 0.000000 0.000000 0.000000 1.000000 0.000000 0.000000 0.000000 0.000000 1.000000
1.000000 0.000000 0.000000 0.000000 0.000000 1.000000 0.000000 0.000000 0.000000 0.000000 1.000000 0.000000 0.000000 0.000000 0.000000 1.000000
1.000000 0.000000 0.000000 0.000000 0.000000 1.000000 0.000000 0.000000 0.000000 0.000000 1.000000 0.000000 0.000000 0.000000 0.000000 1.000000
1.000000 0.000000 0.000000 0.000000 0.000000 1.000000 0.000000 0.000000 0.000000 0.000000 1.000000 0.000000 0.000000 0.000000 0.000000 1.000000
1.000000 0.000000 0.000000 0.000000 0.000000 1.000000 0.000000 0.000000 0.000000 0.000000 1.000000 0.000000 0.000000 0.000000 0.000000 1.000000
1.000000 0.000000 0.000000 0.000000 0.000000 1.000000 0.000000 0.000000 0.000000 0.000000 1.000000 0.000000 0.000000 0.000000 0.000000 1.000000
1.000000 0.000000 0.000000 0.000000 0.000000 1.000000 0.000000 0.000000 0.000000 0.000000 1.000000 0.000000 0.000000 0.000000 0.000000 1.000000
1.000000 0.000000 0.000000 0.000000 0.000000 1.000000 0.000000 0.000000 0.000000 0.000000 1.000000 0.000000 0.000000 0.000000 0.000000 1.000000</float_array>
        <technique_common>
          <accessor source="#Armature-Matrix-animation-output-transform-array" count="31" stride="16">
            <param type="float4x4"/>
          </accessor>
        </technique_common>
      </source>
      <source id="Armature-Interpolations">
        <Name_array id="Armature-Interpolations-array" count="31">
 LINEAR LINEAR LINEAR LINEAR LINEAR LINEAR LINEAR LINEAR LINEAR LINEAR LINEAR
LINEAR LINEAR LINEAR LINEAR LINEAR LINEAR LINEAR LINEAR LINEAR LINEAR LINEAR LINEAR
LINEAR LINEAR LINEAR LINEAR LINEAR LINEAR LINEAR LINEAR</Name_array>
        <technique_common>
          <accessor source="#Armature-Interpolations-array" count="31">
            <param type="name"/>
          </accessor>
        </technique_common>
      </source>
      <sampler id="Armature-Matrix-animation-transform">
        <input semantic="INPUT" source="#Armature-Matrix-animation-input"/>
        <input semantic="OUTPUT" source="#Armature-Matrix-animation-output-transform"/>
        <input semantic="INTERPOLATION" source="#Armature-Interpolations"/>
      </sampler>
      <channel source="#Armature-Matrix-animation-transform" target="Armature/matrix"/>
    </animation>
    <animation id="mixamorig_Hips-anim" name="mixamorig_Hips">
      <source id="mixamorig_Hips-Matrix-animation-input">
        <float_array id="mixamorig_Hips-Matrix-animation-input-array" count="31">

0.000000 0.033333 0.066667 0.100000 0.133333 0.166667 0.200000 0.233333 0.266667 0.300000 0.333333 0.366667 0.400000 0.433333 0.466667 0.500000
0.533333 0.566667 0.600000 0.633333 0.666667 0.700000 0.733333 0.766667 0.800000 0.833333 0.866667 0.900000 0.933333 0.966667 1.000000</float_array>
        <technique_common>
          <accessor source="#mixamorig_Hips-Matrix-animation-input-array" count="31">
            <param name="TIME" type="float"/>
          </accessor>
        </technique_common>
      </source>
      <source id="mixamorig_Hips-Matrix-animation-output-transform">
        <float_array id="mixamorig_Hips-Matrix-animation-output-transform-array" count="496">

0.998376 0.031593 0.047403 -0.123954 -0.030791 0.999372 -0.017558 101.491333 -0.047928 0.016070 0.998722 -2.209530 0.000000 0.000000 0.000000 1.000000
0.999647 0.026221 -0.004197 -0.065066 -0.026277 0.999559 -0.013861 101.655540 0.003832 0.013966 0.999895 1.410907 0.000000 0.000000 0.000000 1.000000
0.997785 0.020545 -0.063272 0.183953 -0.021385 0.999692 -0.012631 101.531357 0.062993 0.013956 0.997916 4.929595 0.000000 0.000000 0.000000 1.000000
0.989979 0.017096 -0.140174 0.594853 -0.018057 0.999821 -0.005590 100.786102 0.140053 0.008065 0.990111 8.531242 0.000000 0.000000 0.000000 1.000000
0.969189 0.003735 -0.246290 1.256948 -0.004353 0.999989 -0.001968 99.225380 0.246280 0.002979 0.969194 12.317118 0.000000 0.000000 0.000000 1.000000
0.923719 -0.027351 -0.382092 2.277895 0.025193 0.999626 -0.010651 97.360855 0.382240 0.000213 0.924063 15.723352 0.000000 0.000000 0.000000 1.000000
0.854371 -0.048667 -0.517379 3.467623 0.044279 0.998802 -0.020832 95.794060 0.517773 -0.005111 0.855503 18.237654 0.000000 0.000000 0.000000 1.000000
0.785794 -0.051983 -0.616300 4.519292 0.042158 0.998646 -0.030481 94.827736 0.617050 -0.002031 0.786922 20.022758 0.000000 0.000000 0.000000 1.000000
0.713178 -0.057364 -0.698632 5.418489 0.036582 0.998334 -0.044629 94.654068 0.700028 0.006271 0.714088 21.533005 0.000000 0.000000 0.000000 1.000000
0.601694 -0.058826 -0.796558 6.200686 0.031366 0.998255 -0.050029 95.623947 0.798111 0.005117 0.602489 23.119539 0.000000 0.000000 0.000000 1.000000
0.446368 -0.048460 -0.893537 6.844247 0.024196 0.998821 -0.042082 97.331917 0.894522 -0.002836 0.447014 24.771452 0.000000 0.000000 0.000000 1.000000
0.257303 -0.038736 -0.965554 7.222339 0.018024 0.999215 -0.035283 99.063004 0.966163 -0.008325 0.257799 26.360821 0.000000 0.000000 0.000000 1.000000
0.065187 -0.037032 -0.997186 7.273077 0.014128 0.999245 -0.036185 100.524712 0.997773 -0.011729 0.065661 27.808399 0.000000 0.000000 0.000000 1.000000
-0.089327 -0.038988 -0.995239 7.128282 0.010444 0.999142 -0.040078 101.562866 0.995948 -0.013975 -0.088843 28.978113 0.000000 0.000000 0.000000 1.000000
-0.203595 -0.043814 -0.978074 6.838519 0.006283 0.998919 -0.046055 102.007690 0.979035 -0.015522 -0.203100 29.736240 0.000000 0.000000 0.000000 1.000000
-0.294793 -0.046766 -0.954416 6.472692 0.005478 0.998703 -0.050628 101.922516 0.955545 -0.020153 -0.294155 30.096704 0.000000 0.000000 0.000000 1.000000
-0.374930 -0.046382 -0.925892 6.063382 0.007296 0.998569 -0.052977 101.567482 0.927024 -0.026618 -0.374055 30.043884 0.000000 0.000000 0.000000 1.000000
-0.452537 -0.048679 -0.890416 5.581287 0.006730 0.998294 -0.057997 101.137070 0.891720 -0.032239 -0.451438 29.493435 0.000000 0.000000 0.000000 1.000000
-0.527386 -0.054323 -0.847888 5.037466 0.000993 0.997914 -0.064553 100.649529 0.849625 -0.034887 -0.526231 28.359764 0.000000 0.000000 0.000000 1.000000
-0.592875 -0.060888 -0.802990 4.469268 -0.008464 0.997554 -0.069391 100.215454 0.805250 -0.034344 -0.591940 26.595955 0.000000 0.000000 0.000000 1.000000
-0.644645 -0.068878 -0.761373 3.903350 -0.018009 0.997025 -0.074949 99.948784 0.764270 -0.034604 -0.643967 24.157686 0.000000 0.000000 0.000000 1.000000
-0.687292 -0.077900 -0.722192 3.367536 -0.024639 0.996161 -0.084003 99.698639 0.725964 -0.039940 -0.686572 21.066416 0.000000 0.000000 0.000000 1.000000
-0.730377 -0.083372 -0.677937 2.892128 -0.027942 0.995339 -0.092302 99.347038 0.682472 -0.048473 -0.729302 17.648409 0.000000 0.000000 0.000000 1.000000
-0.776357 -0.080699 -0.625106 2.504478 -0.030093 0.995385 -0.091126 98.904366 0.629574 -0.051935 -0.775202 14.356303 0.000000 0.000000 0.000000 1.000000
-0.824262 -0.072223 -0.561583 2.170413 -0.032636 0.996243 -0.080222 98.465843 0.565267 -0.047796 -0.823522 11.371050 0.000000 0.000000 0.000000 1.000000
-0.874361 -0.060009 -0.481551 1.848214 -0.032864 0.997369 -0.064616 98.447411 0.484161 -0.040672 -0.874033 8.355259 0.000000 0.000000 0.000000 1.000000
-0.918990 -0.047726 -0.391381 1.518756 -0.031788 0.998384 -0.047104 98.881004 0.392997 -0.030847 -0.919022 5.182662 0.000000 0.000000 0.000000 1.000000
-0.952156 -0.041921 -0.302723 1.167469 -0.033527 0.998897 -0.032874 99.491966 0.303767 -0.021151 -0.952512 1.966714 0.000000 0.000000 0.000000 1.000000
-0.976037 -0.039747 -0.213942 0.805613 -0.035217 0.999068 -0.024945 100.191742 0.214734 -0.016813 -0.976528 -1.249542 0.000000 0.000000 0.000000 1.000000
-0.991394 -0.035917 -0.125887 0.458153 -0.033560 0.999220 -0.020796 100.917404 0.126536 -0.016393 -0.991827 -4.489319 0.000000 0.000000 0.000000 1.000000
-0.998376 -0.031594 -0.047403 0.123954 -0.030791 0.999372 -0.017558 101.491341 0.047928 -0.016070 -0.998721 -7.788981 0.000000 0.000000 0.000000 1.000000</float_array>
        <technique_common>
          <accessor source="#mixamorig_Hips-Matrix-animation-output-transform-array" count="31" stride="16">
            <param type="float4x4"/>
          </accessor>
        </technique_common>
      </source>
      <source id="mixamorig_Hips-Interpolations">
        <Name_array id="mixamorig_Hips-Interpolations-array" count="31">
 LINEAR LINEAR LINEAR LINEAR LINEAR LINEAR LINEAR LINEAR LINEAR LINEAR LINEAR
LINEAR LINEAR LINEAR LINEAR LINEAR LINEAR LINEAR LINEAR LINEAR LINEAR LINEAR LINEAR
LINEAR LINEAR LINEAR LINEAR LINEAR LINEAR LINEAR LINEAR</Name_array>
        <technique_common>
          <accessor source="#mixamorig_Hips-Interpolations-array" count="31">
            <param type="name"/>
          </accessor>
        </technique_common>
      </source>
      <sampler id="mixamorig_Hips-Matrix-animation-transform">
        <input semantic="INPUT" source="#mixamorig_Hips-Matrix-animation-input"/>
        <input semantic="OUTPUT" source="#mixamorig_Hips-Matrix-animation-output-transform"/>
        <input semantic="INTERPOLATION" source="#mixamorig_Hips-Interpolations"/>
      </sampler>
      <channel source="#mixamorig_Hips-Matrix-animation-transform" target="mixamorig_Hips/matrix"/>
    </animation>
    <animation id="mixamorig_Spine-anim" name="mixamorig_Spine">
      <source id="mixamorig_Spine-Matrix-animation-input">
        <float_array id="mixamorig_Spine-Matrix-animation-input-array" count="31">

0.000000 0.033333 0.066667 0.100000 0.133333 0.166667 0.200000 0.233333 0.266667 0.300000 0.333333 0.366667 0.400000 0.433333 0.466667 0.500000
0.533333 0.566667 0.600000 0.633333 0.666667 0.700000 0.733333 0.766667 0.800000 0.833333 0.866667 0.900000 0.933333 0.966667 1.000000</float_array>
        <technique_common>
          <accessor source="#mixamorig_Spine-Matrix-animation-input-array" count="31">
            <param name="TIME" type="float"/>
          </accessor>
        </technique_common>
      </source>
      <source id="mixamorig_Spine-Matrix-animation-output-transform">
        <float_array id="mixamorig_Spine-Matrix-animation-output-transform-array" count="496">

0.999939 -0.009319 0.005906 0.000000 0.009451 0.999697 -0.022709 12.246100 -0.005692 0.022763 0.999725 0.234600 0.000000 0.000000 0.000000 1.000000
0.999938 -0.005356 0.009790 0.000000 0.005575 0.999731 -0.022501 12.246100 -0.009667 0.022554 0.999699 0.234600 0.000000 0.000000 0.000000 1.000000
0.999887 -0.001482 0.014957 -0.000000 0.001808 0.999761 -0.021777 12.246100 -0.014921 0.021801 0.999651 0.234600 0.000000 0.000000 0.000000 1.000000
0.999752 0.001400 0.022232 0.000000 -0.000909 0.999756 -0.022093 12.246100 -0.022258 0.022067 0.999509 0.234600 0.000000 0.000000 0.000000 1.000000
0.999442 0.004856 0.033052 0.000000 -0.004158 0.999768 -0.021151 12.246100 -0.033147 0.021002 0.999230 0.234600 0.000000 0.000000 0.000000 1.000000
0.998836 0.010571 0.047070 0.000000 -0.009707 0.999781 -0.018539 12.246100 -0.047255 0.018060 0.998720 0.234600 0.000000 0.000000 0.000000 1.000000
0.998530 0.015303 0.052005 0.000000 -0.014345 0.999721 -0.018739 12.246100 -0.052277 0.017965 0.998471 0.234600 0.000000 0.000000 0.000000 1.000000
0.999220 0.018333 0.034962 -0.000000 -0.017596 0.999619 -0.021288 12.246100 -0.035339 0.020656 0.999162 0.234600 0.000000 0.000000 0.000000 1.000000
0.999709 0.021502 0.010957 0.000000 -0.021263 0.999542 -0.021516 12.246100 -0.011414 0.021277 0.999708 0.234600 0.000000 0.000000 0.000000 1.000000
0.999719 0.023676 -0.001428 -0.000000 -0.023700 0.999512 -0.020361 12.246100 0.000945 0.020389 0.999792 0.234600 0.000000 0.000000 0.000000 1.000000
0.999724 0.022548 -0.006543 0.000000 -0.022677 0.999535 -0.020408 12.246100 0.006079 0.020551 0.999770 0.234600 0.000000 0.000000 0.000000 1.000000
0.999785 0.018779 -0.008825 0.000000 -0.018951 0.999624 -0.019817 12.246100 0.008450 0.019980 0.999765 0.234600 0.000000 0.000000 0.000000 1.000000
0.999831 0.014153 -0.011714 0.000000 -0.014357 0.999744 -0.017486 12.246100 0.011464 0.017651 0.999778 0.234600 0.000000 0.000000 0.000000 1.000000
0.999732 0.009160 -0.021250 0.000000 -0.009477 0.999844 -0.014902 12.246100 0.021110 0.015099 0.999663 0.234600 0.000000 0.000000 0.000000 1.000000
0.999394 0.003629 -0.034625 0.000000 -0.004050 0.999919 -0.012086 12.246100 0.034578 0.012219 0.999327 0.234600 0.000000 0.000000 0.000000 1.000000
0.998882 -0.001075 -0.047271 -0.000000 0.000624 0.999954 -0.009557 12.246100 0.047279 0.009517 0.998836 0.234600 0.000000 0.000000 0.000000 1.000000
0.998354 -0.004228 -0.057198 0.000000 0.003771 0.999960 -0.008096 12.246100 0.057230 0.007867 0.998330 0.234600 0.000000 0.000000 0.000000 1.000000
0.998111 -0.006971 -0.061045 0.000000 0.006558 0.999954 -0.006961 12.246100 0.061091 0.006548 0.998111 0.234600 0.000000 0.000000 0.000000 1.000000
0.998108 -0.010191 -0.060634 0.000000 0.009807 0.999930 -0.006636 12.246100 0.060697 0.006029 0.998138 0.234600 0.000000 0.000000 0.000000 1.000000
0.997981 -0.013555 -0.062053 0.000000 0.013128 0.999887 -0.007270 12.246100 0.062145 0.006441 0.998046 0.234600 0.000000 0.000000 0.000000 1.000000
0.997677 -0.016609 -0.066072 0.000000 0.016198 0.999846 -0.006756 12.246100 0.066174 0.005670 0.997792 0.234600 0.000000 0.000000 0.000000 1.000000
0.997353 -0.018444 -0.070336 0.000000 0.018192 0.999826 -0.004224 12.246100 0.070402 0.002933 0.997514 0.234600 0.000000 0.000000 0.000000 1.000000
0.997210 -0.019188 -0.072134 0.000000 0.019081 0.999816 -0.002175 12.246100 0.072163 0.000793 0.997393 0.234600 0.000000 0.000000 0.000000 1.000000
0.997430 -0.020400 -0.068677 -0.000000 0.020212 0.999790 -0.003427 12.246100 0.068733 0.002030 0.997633 0.234600 0.000000 0.000000 0.000000 1.000000
0.997986 -0.021396 -0.059711 0.000000 0.020964 0.999749 -0.007859 12.246100 0.059864 0.006592 0.998185 0.234600 0.000000 0.000000 0.000000 1.000000
0.998699 -0.019680 -0.047037 0.000000 0.019071 0.999729 -0.013347 12.246100 0.047286 0.012432 0.998804 0.234600 0.000000 0.000000 0.000000 1.000000
0.999259 -0.016811 -0.034631 -0.000000 0.016173 0.999696 -0.018607 12.246100 0.034934 0.018033 0.999227 0.234600 0.000000 0.000000 0.000000 1.000000
0.999576 -0.015156 -0.024871 0.000000 0.014602 0.999645 -0.022304 12.246100 0.025200 0.021931 0.999442 0.234600 0.000000 0.000000 0.000000 1.000000
0.999794 -0.013830 -0.014880 0.000000 0.013475 0.999629 -0.023691 12.246100 0.015202 0.023486 0.999609 0.234600 0.000000 0.000000 0.000000 1.000000
0.999924 -0.011683 -0.003997 0.000000 0.011586 0.999656 -0.023548 12.246100 0.004271 0.023500 0.999715 0.234600 0.000000 0.000000 0.000000 1.000000
0.999939 -0.009319 0.005905 0.000000 0.009451 0.999697 -0.022708 12.246100 -0.005691 0.022763 0.999725 0.234600 0.000000 0.000000 0.000000 1.000000</float_array>
        <technique_common>
          <accessor source="#mixamorig_Spine-Matrix-animation-output-transform-array" count="31" stride="16">
            <param type="float4x4"/>
          </accessor>
        </technique_common>
      </source>
      <source id="mixamorig_Spine-Interpolations">
        <Name_array id="mixamorig_Spine-Interpolations-array" count="31">
 LINEAR LINEAR LINEAR LINEAR LINEAR LINEAR LINEAR LINEAR LINEAR LINEAR LINEAR
LINEAR LINEAR LINEAR LINEAR LINEAR LINEAR LINEAR LINEAR LINEAR LINEAR LINEAR LINEAR
LINEAR LINEAR LINEAR LINEAR LINEAR LINEAR LINEAR LINEAR</Name_array>
        <technique_common>
          <accessor source="#mixamorig_Spine-Interpolations-array" count="31">
            <param type="name"/>
          </accessor>
        </technique_common>
      </source>
      <sampler id="mixamorig_Spine-Matrix-animation-transform">
        <input semantic="INPUT" source="#mixamorig_Spine-Matrix-animation-input"/>
        <input semantic="OUTPUT" source="#mixamorig_Spine-Matrix-animation-output-transform"/>
        <input semantic="INTERPOLATION" source="#mixamorig_Spine-Interpolations"/>
      </sampler>
      <channel source="#mixamorig_Spine-Matrix-animation-transform" target="mixamorig_Spine/matrix"/>
    </animation>
    <animation id="mixamorig_Spine1-anim" name="mixamorig_Spine1">
      <source id="mixamorig_Spine1-Matrix-animation-input">
        <float_array id="mixamorig_Spine1-Matrix-animation-input-array" count="31">

0.000000 0.033333 0.066667 0.100000 0.133333 0.166667 0.200000 0.233333 0.266667 0.300000 0.333333 0.366667 0.400000 0.433333 0.466667 0.500000
0.533333 0.566667 0.600000 0.633333 0.666667 0.700000 0.733333 0.766667 0.800000 0.833333 0.866667 0.900000 0.933333 0.966667 1.000000</float_array>
        <technique_common>
          <accessor source="#mixamorig_Spine1-Matrix-animation-input-array" count="31">
            <param name="TIME" type="float"/>
          </accessor>
        </technique_common>
      </source>
      <source id="mixamorig_Spine1-Matrix-animation-output-transform">
        <float_array id="mixamorig_Spine1-Matrix-animation-output-transform-array" count="496">

0.999889 -0.008439 0.012249 0.000000 0.008522 0.999941 -0.006719 14.289700 -0.012191 0.006823 0.999902 -0.000000 0.000000 0.000000 0.000000 1.000000
0.999812 -0.001823 0.019323 -0.000000 0.001947 0.999978 -0.006402 14.289700 -0.019311 0.006438 0.999793 -0.000000 0.000000 0.000000 0.000000 1.000000
0.999570 0.004790 0.028940 0.000000 -0.004645 0.999976 -0.005073 14.289700 -0.028964 0.004937 0.999568 0.000000 0.000000 0.000000 0.000000 1.000000
0.999031 0.010642 0.042705 0.000000 -0.010402 0.999929 -0.005842 14.289700 -0.042764 0.005392 0.999071 0.000000 0.000000 0.000000 0.000000 1.000000
0.997802 0.019779 0.063249 0.000000 -0.019551 0.999800 -0.004227 14.289700 -0.063320 0.002981 0.997989 0.000000 0.000000 0.000000 0.000000 1.000000
0.995327 0.032557 0.090904 -0.000000 -0.032728 0.999464 0.000396 14.289700 -0.090843 -0.003369 0.995860 -0.000000 0.000000 0.000000 0.000000 1.000000
0.993995 0.040811 0.101526 -0.000000 -0.040986 0.999160 -0.000360 14.289700 -0.101455 -0.003803 0.994833 0.000000 0.000000 0.000000 0.000000 1.000000
0.996628 0.045860 0.068043 -0.000000 -0.045626 0.998946 -0.004999 14.289700 -0.068201 0.001878 0.997670 -0.000000 0.000000 0.000000 0.000000 1.000000
0.998398 0.052926 0.020008 0.000000 -0.052842 0.998592 -0.004678 14.289700 -0.020228 0.003613 0.999789 -0.000000 0.000000 0.000000 0.000000 1.000000
0.998368 0.056934 -0.004421 0.000000 -0.056943 0.998376 -0.001930 14.289700 0.004304 0.002178 0.999988 0.000000 0.000000 0.000000 0.000000 1.000000
0.998511 0.052723 -0.014001 0.000000 -0.052756 0.998606 -0.001951 14.289700 0.013878 0.002687 0.999900 -0.000000 0.000000 0.000000 0.000000 1.000000
0.998899 0.043280 -0.018125 -0.000000 -0.043302 0.999062 -0.000839 14.289700 0.018071 0.001623 0.999835 0.000000 0.000000 0.000000 0.000000 1.000000
0.999168 0.033175 -0.023722 -0.000000 -0.033094 0.999445 0.003791 14.289700 0.023835 -0.003003 0.999711 0.000000 0.000000 0.000000 0.000000 1.000000
0.998818 0.023137 -0.042752 0.000000 -0.022770 0.999700 0.009039 14.289700 0.042949 -0.008055 0.999045 0.000000 0.000000 0.000000 0.000000 1.000000
0.997502 0.012469 -0.069526 0.000000 -0.011474 0.999826 0.014694 14.289700 0.069697 -0.013859 0.997472 0.000000 0.000000 0.000000 0.000000 1.000000
0.995482 0.003623 -0.094879 0.000000 -0.001764 0.999805 0.019668 14.289700 0.094932 -0.019412 0.995294 0.000000 0.000000 0.000000 0.000000 1.000000
0.993383 -0.002306 -0.114822 0.000000 0.004917 0.999736 0.022456 14.289700 0.114740 -0.022872 0.993132 0.000000 0.000000 0.000000 0.000000 1.000000
0.992414 -0.007819 -0.122696 0.000000 0.010908 0.999640 0.024527 14.289700 0.122460 -0.025679 0.992141 0.000000 0.000000 0.000000 0.000000 1.000000
0.992413 -0.014549 -0.122086 0.000000 0.017721 0.999532 0.024936 14.289700 0.121666 -0.026910 0.992206 0.000000 0.000000 0.000000 0.000000 1.000000
0.991923 -0.021283 -0.125042 -0.000000 0.024400 0.999427 0.023448 14.289700 0.124471 -0.026310 0.991874 0.000000 0.000000 0.000000 0.000000 1.000000
0.990751 -0.026569 -0.133066 -0.000000 0.030064 0.999252 0.024324 14.289700 0.132321 -0.028099 0.990809 0.000000 0.000000 0.000000 0.000000 1.000000
0.989535 -0.028787 -0.141393 -0.000000 0.033258 0.999016 0.029357 14.289700 0.140409 -0.033752 0.989518 0.000000 0.000000 0.000000 0.000000 1.000000
0.989080 -0.028759 -0.144549 -0.000000 0.033948 0.998860 0.033559 14.289700 0.143419 -0.038100 0.988928 0.000000 0.000000 0.000000 0.000000 1.000000
0.990131 -0.029295 -0.137049 0.000000 0.033892 0.998934 0.031331 14.289700 0.135985 -0.035666 0.990069 0.000000 0.000000 0.000000 0.000000 1.000000
0.992521 -0.029628 -0.118421 0.000000 0.032550 0.999210 0.022811 14.289700 0.117651 -0.026494 0.992701 0.000000 0.000000 0.000000 0.000000 1.000000
0.995340 -0.026678 -0.092664 0.000000 0.027909 0.999538 0.012021 14.289700 0.092301 -0.014551 0.995625 -0.000000 0.000000 0.000000 0.000000 1.000000
0.997441 -0.022669 -0.067806 0.000000 0.022824 0.999738 0.001514 14.289700 0.067754 -0.003058 0.997697 0.000000 0.000000 0.000000 0.000000 1.000000
0.998620 -0.020388 -0.048389 0.000000 0.020126 0.999780 -0.005893 14.289700 0.048499 0.004911 0.998811 0.000000 0.000000 0.000000 0.000000 1.000000
0.999434 -0.017756 -0.028588 0.000000 0.017515 0.999809 -0.008643 14.289700 0.028736 0.008137 0.999554 0.000000 0.000000 0.000000 0.000000 1.000000
0.999887 -0.013240 -0.007125 -0.000000 0.013181 0.999878 -0.008350 14.289700 0.007235 0.008256 0.999940 -0.000000 0.000000 0.000000 0.000000 1.000000
0.999889 -0.008438 0.012247 -0.000000 0.008521 0.999941 -0.006718 14.289700 -0.012189 0.006822 0.999902 0.000000 0.000000 0.000000 0.000000 1.000000</float_array>
        <technique_common>
          <accessor source="#mixamorig_Spine1-Matrix-animation-output-transform-array" count="31" stride="16">
            <param type="float4x4"/>
          </accessor>
        </technique_common>
      </source>
      <source id="mixamorig_Spine1-Interpolations">
        <Name_array id="mixamorig_Spine1-Interpolations-array" count="31">
 LINEAR LINEAR LINEAR LINEAR LINEAR LINEAR LINEAR LINEAR LINEAR LINEAR LINEAR
LINEAR LINEAR LINEAR LINEAR LINEAR LINEAR LINEAR LINEAR LINEAR LINEAR LINEAR LINEAR
LINEAR LINEAR LINEAR LINEAR LINEAR LINEAR LINEAR LINEAR</Name_array>
        <technique_common>
          <accessor source="#mixamorig_Spine1-Interpolations-array" count="31">
            <param type="name"/>
          </accessor>
        </technique_common>
      </source>
      <sampler id="mixamorig_Spine1-Matrix-animation-transform">
        <input semantic="INPUT" source="#mixamorig_Spine1-Matrix-animation-input"/>
        <input semantic="OUTPUT" source="#mixamorig_Spine1-Matrix-animation-output-transform"/>
        <input semantic="INTERPOLATION" source="#mixamorig_Spine1-Interpolations"/>
      </sampler>
      <channel source="#mixamorig_Spine1-Matrix-animation-transform" target="mixamorig_Spine1/matrix"/>
    </animation>
    <animation id="mixamorig_Spine2-anim" name="mixamorig_Spine2">
      <source id="mixamorig_Spine2-Matrix-animation-input">
        <float_array id="mixamorig_Spine2-Matrix-animation-input-array" count="31">

0.000000 0.033333 0.066667 0.100000 0.133333 0.166667 0.200000 0.233333 0.266667 0.300000 0.333333 0.366667 0.400000 0.433333 0.466667 0.500000
0.533333 0.566667 0.600000 0.633333 0.666667 0.700000 0.733333 0.766667 0.800000 0.833333 0.866667 0.900000 0.933333 0.966667 1.000000</float_array>
        <technique_common>
          <accessor source="#mixamorig_Spine2-Matrix-animation-input-array" count="31">
            <param name="TIME" type="float"/>
          </accessor>
        </technique_common>
      </source>
      <source id="mixamorig_Spine2-Matrix-animation-output-transform">
        <float_array id="mixamorig_Spine2-Matrix-animation-output-transform-array" count="496">

0.999889 -0.008439 0.012249 0.000000 0.008522 0.999941 -0.006719 16.330999 -0.012191 0.006823 0.999902 0.000000 0.000000 0.000000 0.000000 1.000000
0.999812 -0.001823 0.019323 -0.000000 0.001947 0.999978 -0.006402 16.330999 -0.019311 0.006438 0.999793 -0.000000 0.000000 0.000000 0.000000 1.000000
0.999570 0.004790 0.028940 0.000000 -0.004645 0.999976 -0.005073 16.330999 -0.028964 0.004937 0.999568 -0.000000 0.000000 0.000000 0.000000 1.000000
0.999031 0.010642 0.042705 0.000000 -0.010402 0.999929 -0.005842 16.330999 -0.042764 0.005392 0.999071 0.000000 0.000000 0.000000 0.000000 1.000000
0.997802 0.019779 0.063250 0.000000 -0.019551 0.999800 -0.004227 16.330999 -0.063320 0.002981 0.997989 0.000000 0.000000 0.000000 0.000000 1.000000
0.995327 0.032557 0.090904 0.000000 -0.032728 0.999464 0.000396 16.330999 -0.090842 -0.003369 0.995860 -0.000000 0.000000 0.000000 0.000000 1.000000
0.993995 0.040811 0.101526 -0.000000 -0.040986 0.999160 -0.000360 16.330999 -0.101455 -0.003803 0.994833 0.000000 0.000000 0.000000 0.000000 1.000000
0.996628 0.045860 0.068043 0.000000 -0.045626 0.998946 -0.004999 16.330999 -0.068201 0.001878 0.997670 -0.000000 0.000000 0.000000 0.000000 1.000000
0.998398 0.052926 0.020008 0.000000 -0.052842 0.998592 -0.004678 16.330999 -0.020228 0.003613 0.999789 0.000000 0.000000 0.000000 0.000000 1.000000
0.998368 0.056934 -0.004420 0.000000 -0.056943 0.998376 -0.001929 16.330999 0.004303 0.002178 0.999988 0.000000 0.000000 0.000000 0.000000 1.000000
0.998511 0.052723 -0.014001 0.000000 -0.052756 0.998606 -0.001951 16.330999 0.013878 0.002687 0.999900 0.000000 0.000000 0.000000 0.000000 1.000000
0.998899 0.043280 -0.018124 0.000000 -0.043302 0.999062 -0.000839 16.330999 0.018071 0.001623 0.999835 0.000000 0.000000 0.000000 0.000000 1.000000
0.999168 0.033175 -0.023723 0.000000 -0.033094 0.999445 0.003791 16.330999 0.023835 -0.003003 0.999711 0.000000 0.000000 0.000000 0.000000 1.000000
0.998818 0.023137 -0.042752 -0.000000 -0.022770 0.999700 0.009039 16.330999 0.042948 -0.008055 0.999045 -0.000000 0.000000 0.000000 0.000000 1.000000
0.997502 0.012469 -0.069526 0.000000 -0.011474 0.999826 0.014694 16.330999 0.069697 -0.013859 0.997472 0.000000 0.000000 0.000000 0.000000 1.000000
0.995482 0.003623 -0.094879 0.000000 -0.001764 0.999805 0.019668 16.330999 0.094932 -0.019412 0.995294 0.000000 0.000000 0.000000 0.000000 1.000000
0.993383 -0.002306 -0.114822 0.000000 0.004917 0.999736 0.022456 16.330999 0.114740 -0.022872 0.993132 0.000000 0.000000 0.000000 0.000000 1.000000
0.992414 -0.007819 -0.122696 0.000000 0.010908 0.999640 0.024527 16.330999 0.122460 -0.025679 0.992141 0.000000 0.000000 0.000000 0.000000 1.000000
0.992413 -0.014549 -0.122086 0.000000 0.017721 0.999532 0.024936 16.330999 0.121666 -0.026910 0.992206 0.000000 0.000000 0.000000 0.000000 1.000000
0.991923 -0.021283 -0.125042 0.000000 0.024400 0.999427 0.023448 16.330999 0.124472 -0.026310 0.991874 0.000000 0.000000 0.000000 0.000000 1.000000
0.990751 -0.026569 -0.133067 0.000000 0.030064 0.999252 0.024324 16.330999 0.132321 -0.028099 0.990809 -0.000000 0.000000 0.000000 0.000000 1.000000
0.989535 -0.028787 -0.141393 -0.000000 0.033258 0.999016 0.029357 16.330999 0.140409 -0.033752 0.989518 0.000000 0.000000 0.000000 0.000000 1.000000
0.989080 -0.028759 -0.144549 0.000000 0.033948 0.998860 0.033559 16.330999 0.143419 -0.038100 0.988928 0.000000 0.000000 0.000000 0.000000 1.000000
0.990131 -0.029295 -0.137049 -0.000000 0.033892 0.998934 0.031331 16.330999 0.135985 -0.035666 0.990069 0.000000 0.000000 0.000000 0.000000 1.000000
0.992521 -0.029628 -0.118421 -0.000000 0.032550 0.999210 0.022811 16.330999 0.117652 -0.026494 0.992701 0.000000 0.000000 0.000000 0.000000 1.000000
0.995340 -0.026678 -0.092664 -0.000000 0.027909 0.999538 0.012021 16.330999 0.092301 -0.014551 0.995625 0.000000 0.000000 0.000000 0.000000 1.000000
0.997441 -0.022669 -0.067806 0.000000 0.022824 0.999738 0.001514 16.330999 0.067754 -0.003058 0.997697 0.000000 0.000000 0.000000 0.000000 1.000000
0.998620 -0.020388 -0.048389 0.000000 0.020126 0.999780 -0.005893 16.330999 0.048499 0.004911 0.998811 0.000000 0.000000 0.000000 0.000000 1.000000
0.999434 -0.017756 -0.028588 -0.000000 0.017515 0.999809 -0.008643 16.330999 0.028736 0.008137 0.999554 -0.000000 0.000000 0.000000 0.000000 1.000000
0.999887 -0.013240 -0.007125 0.000000 0.013181 0.999878 -0.008351 16.330999 0.007235 0.008256 0.999940 0.000000 0.000000 0.000000 0.000000 1.000000
0.999889 -0.008438 0.012247 0.000000 0.008521 0.999941 -0.006718 16.330999 -0.012189 0.006822 0.999902 0.000000 0.000000 0.000000 0.000000 1.000000</float_array>
        <technique_common>
          <accessor source="#mixamorig_Spine2-Matrix-animation-output-transform-array" count="31" stride="16">
            <param type="float4x4"/>
          </accessor>
        </technique_common>
      </source>
      <source id="mixamorig_Spine2-Interpolations">
        <Name_array id="mixamorig_Spine2-Interpolations-array" count="31">
 LINEAR LINEAR LINEAR LINEAR LINEAR LINEAR LINEAR LINEAR LINEAR LINEAR LINEAR
LINEAR LINEAR LINEAR LINEAR LINEAR LINEAR LINEAR LINEAR LINEAR LINEAR LINEAR LINEAR
LINEAR LINEAR LINEAR LINEAR LINEAR LINEAR LINEAR LINEAR</Name_array>
        <technique_common>
          <accessor source="#mixamorig_Spine2-Interpolations-array" count="31">
            <param type="name"/>
          </accessor>
        </technique_common>
      </source>
      <sampler id="mixamorig_Spine2-Matrix-animation-transform">
        <input semantic="INPUT" source="#mixamorig_Spine2-Matrix-animation-input"/>
        <input semantic="OUTPUT" source="#mixamorig_Spine2-Matrix-animation-output-transform"/>
        <input semantic="INTERPOLATION" source="#mixamorig_Spine2-Interpolations"/>
      </sampler>
      <channel source="#mixamorig_Spine2-Matrix-animation-transform" target="mixamorig_Spine2/matrix"/>
    </animation>
    <animation id="mixamorig_Neck-anim" name="mixamorig_Neck">
      <source id="mixamorig_Neck-Matrix-animation-input">
        <float_array id="mixamorig_Neck-Matrix-animation-input-array" count="31">

0.000000 0.033333 0.066667 0.100000 0.133333 0.166667 0.200000 0.233333 0.266667 0.300000 0.333333 0.366667 0.400000 0.433333 0.466667 0.500000
0.533333 0.566667 0.600000 0.633333 0.666667 0.700000 0.733333 0.766667 0.800000 0.833333 0.866667 0.900000 0.933333 0.966667 1.000000</float_array>
        <technique_common>
          <accessor source="#mixamorig_Neck-Matrix-animation-input-array" count="31">
            <param name="TIME" type="float"/>
          </accessor>
        </technique_common>
      </source>
      <source id="mixamorig_Neck-Matrix-animation-output-transform">
        <float_array id="mixamorig_Neck-Matrix-animation-output-transform-array" count="496">

0.999769 0.020587 -0.006216 -0.000000 -0.019950 0.995793 0.089435 18.372499 0.008031 -0.089290 0.995973 -0.000000 0.000000 0.000000 0.000000 1.000000
0.999811 0.019195 -0.003068 0.000000 -0.018865 0.996211 0.084900 18.372499 0.004686 -0.084826 0.996385 0.000000 0.000000 0.000000 0.000000 1.000000
0.999766 0.021506 0.002204 0.000000 -0.021616 0.995932 0.087476 18.372499 -0.000314 -0.087503 0.996164 0.000000 0.000000 0.000000 0.000000 1.000000
0.999555 0.026775 -0.013173 0.000000 -0.025390 0.995065 0.095924 18.372499 0.015677 -0.095547 0.995301 0.000000 0.000000 0.000000 0.000000 1.000000
0.997490 0.041377 -0.057460 0.000000 -0.035051 0.993636 0.107044 18.372499 0.061523 -0.104761 0.992593 0.000000 0.000000 0.000000 0.000000 1.000000
0.990693 0.072092 -0.115454 0.000000 -0.057933 0.990885 0.121620 18.372499 0.123170 -0.113800 0.985839 0.000000 0.000000 0.000000 0.000000 1.000000
0.978348 0.100490 -0.180936 -0.000000 -0.074743 0.986766 0.143897 18.372499 0.193002 -0.127257 0.972911 -0.000000 0.000000 0.000000 0.000000 1.000000
0.965330 0.102365 -0.240122 -0.000000 -0.063199 0.984184 0.165495 18.372499 0.253265 -0.144582 0.956532 -0.000000 0.000000 0.000000 0.000000 1.000000
0.956923 0.091964 -0.275394 0.000000 -0.046036 0.984571 0.168821 18.372499 0.286670 -0.148870 0.946392 0.000000 0.000000 0.000000 0.000000 1.000000
0.951214 0.087522 -0.295857 0.000000 -0.040732 0.986151 0.160770 18.372499 0.305830 -0.140875 0.941606 0.000000 0.000000 0.000000 0.000000 1.000000
0.950216 0.084998 -0.299773 -0.000000 -0.039331 0.987098 0.155211 18.372499 0.309098 -0.135694 0.941300 0.000000 0.000000 0.000000 0.000000 1.000000
0.955116 0.075608 -0.286421 0.000000 -0.033324 0.988165 0.149729 18.372499 0.294352 -0.133464 0.946332 -0.000000 0.000000 0.000000 0.000000 1.000000
0.963995 0.058722 -0.259356 0.000000 -0.022896 0.990020 0.139055 18.372499 0.264934 -0.128110 0.955719 0.000000 0.000000 0.000000 0.000000 1.000000
0.973749 0.037723 -0.224477 0.000000 -0.009460 0.992027 0.125673 18.372499 0.227428 -0.120250 0.966342 0.000000 0.000000 0.000000 0.000000 1.000000
0.982078 0.021978 -0.187189 0.000000 -0.001150 0.993858 0.110655 18.372499 0.188472 -0.108457 0.976072 0.000000 0.000000 0.000000 0.000000 1.000000
0.988554 0.013013 -0.150303 0.000000 0.001389 0.995446 0.095316 18.372499 0.150859 -0.094434 0.984035 0.000000 0.000000 0.000000 0.000000 1.000000
0.993040 0.004446 -0.117696 0.000000 0.005456 0.996479 0.083670 18.372499 0.117654 -0.083730 0.989518 0.000000 0.000000 0.000000 0.000000 1.000000
0.995644 -0.001480 -0.093229 0.000000 0.008632 0.997043 0.076359 18.372499 0.092840 -0.076831 0.992712 -0.000000 0.000000 0.000000 0.000000 1.000000
0.996916 -0.003591 -0.078398 0.000000 0.009484 0.997144 0.074927 18.372499 0.077905 -0.075440 0.994102 0.000000 0.000000 0.000000 0.000000 1.000000
0.997199 -0.007387 -0.074425 0.000000 0.013145 0.996931 0.077179 18.372499 0.073626 -0.077941 0.994236 0.000000 0.000000 0.000000 0.000000 1.000000
0.997305 -0.011210 -0.072512 -0.000000 0.016889 0.996797 0.078174 18.372499 0.071404 -0.079188 0.994299 0.000000 0.000000 0.000000 0.000000 1.000000
0.997451 -0.011936 -0.070355 0.000000 0.017704 0.996480 0.081939 18.372499 0.069130 -0.082976 0.994151 0.000000 0.000000 0.000000 0.000000 1.000000
0.997765 -0.008690 -0.066257 -0.000000 0.014939 0.995421 0.094414 18.372499 0.065133 -0.095192 0.993326 0.000000 0.000000 0.000000 0.000000 1.000000
0.998199 0.002518 -0.059930 0.000000 0.004088 0.993939 0.109860 18.372499 0.059844 -0.109908 0.992139 -0.000000 0.000000 0.000000 0.000000 1.000000
0.998415 0.013618 -0.054600 0.000000 -0.006993 0.992780 0.119743 18.372499 0.055837 -0.119171 0.991302 0.000000 0.000000 0.000000 0.000000 1.000000
0.998582 0.016456 -0.050634 -0.000000 -0.010121 0.992365 0.122918 18.372499 0.052270 -0.122232 0.991124 -0.000000 0.000000 0.000000 0.000000 1.000000
0.998916 0.017806 -0.042999 0.000000 -0.012479 0.992559 0.121125 18.372499 0.044835 -0.120457 0.991706 0.000000 0.000000 0.000000 0.000000 1.000000
0.999301 0.019932 -0.031623 -0.000000 -0.016155 0.993177 0.115493 18.372499 0.033709 -0.114901 0.992805 0.000000 0.000000 0.000000 0.000000 1.000000
0.999549 0.021432 -0.021051 0.000000 -0.019064 0.994089 0.106882 18.372499 0.023218 -0.106433 0.994049 -0.000000 0.000000 0.000000 0.000000 1.000000
0.999694 0.021147 -0.012869 0.000000 -0.019794 0.995043 0.097452 18.372499 0.014866 -0.097167 0.995157 -0.000000 0.000000 0.000000 0.000000 1.000000
0.999769 0.020584 -0.006212 0.000000 -0.019947 0.995793 0.089433 18.372499 0.008026 -0.089288 0.995973 0.000000 0.000000 0.000000 0.000000 1.000000</float_array>
        <technique_common>
          <accessor source="#mixamorig_Neck-Matrix-animation-output-transform-array" count="31" stride="16">
            <param type="float4x4"/>
          </accessor>
        </technique_common>
      </source>
      <source id="mixamorig_Neck-Interpolations">
