<?xml version="1.0" encoding="utf-8"?>
<COLLADA xmlns="http://www.collada.org/2005/11/COLLADASchema" version="1.4.1">
  <asset>
    <contributor>
      <author>Mixamo</author>
      <authoring_tool>COLLADA Mixamo exporter</authoring_tool>
      <comments/>
    </contributor>
    <created>2024-03-23T02:46:01Z</created>
    <modified>2024-03-23T02:46:01Z</modified>
    <revision/>
    <title/>
    <unit meter="0.010000"/>
    <up_axis>Y_UP</up_axis>
  </asset>
  <library_animations>
    <animation id="Armature-anim" name="Armature">
      <source id="Armature-Matrix-animation-input">
        <float_array id="Armature-Matrix-animation-input-array" count="30">

0.000000 0.033333 0.066667 0.100000 0.133333 0.166667 0.200000 0.233333 0.266667 0.300000 0.333333 0.366667 0.400000 0.433333 0.466667 0.500000
0.533333 0.566667 0.600000 0.633333 0.666667 0.700000 0.733333 0.766667 0.800000 0.833333 0.866667 0.900000 0.933333 0.966667</float_array>
        <technique_common>
          <accessor source="#Armature-Matrix-animation-input-array" count="30">
            <param name="TIME" type="float"/>
          </accessor>
        </technique_common>
      </source>
      <source id="Armature-Matrix-animation-output-transform">
        <float_array id="Armature-Matrix-animation-output-transform-array" count="480">

1.000000 0.000000 0.000000 0.000000 0.000000 1.000000 0.000000 0.000000 0.000000 0.000000 1.000000 0.000000 0.000000 0.000000 0.000000 1.000000
1.000000 0.000000 0.000000 0.000000 0.000000 1.000000 0.000000 0.000000 0.000000 0.000000 1.000000 0.000000 0.000000 0.000000 0.000000 1.000000
1.000000 0.000000 0.000000 0.000000 0.000000 1.000000 0.000000 0.000000 0.000000 0.000000 1.000000 0.000000 0.000000 0.000000 0.000000 1.000000
1.000000 0.000000 0.000000 0.000000 0.000000 1.000000 0.000000 0.000000 0.000000 0.000000 1.000000 0.000000 0.000000 0.000000 0.000000 1.000000
1.000000 0.000000 0.000000 0.000000 0.000000 1.000000 0.000000 0.000000 0.000000 0.000000 1.000000 0.000000 0.000000 0.000000 0.000000 1.000000
1.000000 0.000000 0.000000 0.000000 0.000000 1.000000 0.000000 0.000000 0.000000 0.000000 1.000000 0.000000 0.000000 0.000000 0.000000 1.000000
1.000000 0.000000 0.000000 0.000000 0.000000 1.000000 0.000000 0.000000 0.000000 0.000000 1.000000 0.000000 0.000000 0.000000 0.000000 1.000000
1.000000 0.000000 0.000000 0.000000 0.000000 1.000000 0.000000 0.000000 0.000000 0.000000 1.000000 0.000000 0.000000 0.000000 0.000000 1.000000
1.000000 0.000000 0.000000 0.000000 0.000000 1.000000 0.000000 0.000000 0.000000 0.000000 1.000000 0.000000 0.000000 0.000000 0.000000 1.000000
1.000000 0.000000 0.000000 0.000000 0.000000 1.000000 0.000000 0.000000 0.000000 0.000000 1.000000 0.000000 0.000000 0.000000 0.000000 1.000000
1.000000 0.000000 0.000000 0.000000 0.000000 1.000000 0.000000 0.000000 0.000000 0.000000 1.000000 0.000000 0.000000 0.000000 0.000000 1.000000
1.000000 0.000000 0.000000 0.000000 0.000000 1.000000 0.000000 0.000000 0.000000 0.000000 1.000000 0.000000 0.000000 0.000000 0.000000 1.000000
1.000000 0.000000 0.000000 0.000000 0.000000 1.000000 0.000000 0.000000 0.000000 0.000000 1.000000 0.000000 0.000000 0.000000 0.000000 1.000000
1.000000 0.000000 0.000000 0.000000 0.000000 1.000000 0.000000 0.000000 0.000000 0.000000 1.000000 0.000000 0.000000 0.000000 0.000000 1.000000
1.000000 0.000000 0.000000 0.000000 0.000000 1.000000 0.000000 0.000000 0.000000 0.000000 1.000000 0.000000 0.000000 0.000000 0.000000 1.000000
1.000000 0.000000 0.000000 0.000000 0.000000 1.000000 0.000000 0.000000 0.000000 0.000000 1.000000 0.000000 0.000000 0.000000 0.000000 1.000000
1.000000 0.000000 0.000000 0.000000 0.000000 1.000000 0.000000 0.000000 0.000000 0.000000 1.000000 0.000000 0.000000 0.000000 0.000000 1.000000
1.000000 0.000000 0.000000 0.000000 0.000000 1.000000 0.000000 0.000000 0.000000 0.000000 1.000000 0.000000 0.000000 0.000000 0.000000 1.000000
1.000000 0.000000 0.000000 0.000000 0.000000 1.000000 0.000000 0.000000 0.000000 0.000000 1.000000 0.000000 0.000000 0.000000 0.000000 1.000000
1.000000 0.000000 0.000000 0.000000 0.000000 1.000000 0.000000 0.000000 0.000000 0.000000 1.000000 0.000000 0.000000 0.000000 0.000000 1.000000
1.000000 0.000000 0.000000 0.000000 0.000000 1.000000 0.000000 0.000000 0.000000 0.000000 1.000000 0.000000 0.000000 0.000000 0.000000 1.000000
1.000000 0.000000 0.000000 0.000000 0.000000 1.000000 0.000000 0.000000 0.000000 0.000000 1.000000 0.000000 0.000000 0.000000 0.000000 1.000000
1.000000 0.000000 0.000000 0.000000 0.000000 1.000000 0.000000 0.000000 0.000000 0.000000 1.000000 0.000000 0.000000 0.000000 0.000000 1.000000
1.000000 0.000000 0.000000 0.000000 0.000000 1.000000 0.000000 0.000000 0.000000 0.000000 1.000000 0.000000 0.000000 0.000000 0.000000 1.000000
1.000000 0.000000 0.000000 0.000000 0.000000 1.000000 0.000000 0.000000 0.000000 0.000000 1.000000 0.000000 0.000000 0.000000 0.000000 1.000000
1.000000 0.000000 0.000000 0.000000 0.000000 1.000000 0.000000 0.000000 0.000000 0.000000 1.000000 0.000000 0.000000 0.000000 0.000000 1.000000
1.000000 0.000000 0.000000 0.000000 0.000000 1.000000 0.000000 0.000000 0.000000 0.000000 1.000000 0.000000 0.000000 0.000000 0.000000 1.000000
1.000000 0.000000 0.000000 0.000000 0.000000 1.000000 0.000000 0.000000 0.000000 0.000000 1.000000 0.000000 0.000000 0.000000 0.000000 1.000000
1.000000 0.000000 0.000000 0.000000 0.000000 1.000000 0.000000 0.000000 0.000000 0.000000 1.000000 0.000000 0.000000 0.000000 0.000000 1.000000
1.000000 0.000000 0.000000 0.000000 0.000000 1.000000 0.000000 0.000000 0.000000 0.000000 1.000000 0.000000 0.000000 0.000000 0.000000 1.000000</float_array>
        <technique_common>
          <accessor source="#Armature-Matrix-animation-output-transform-array" count="30" stride="16">
            <param type="float4x4"/>
          </accessor>
        </technique_common>
      </source>
      <source id="Armature-Interpolations">
        <Name_array id="Armature-Interpolations-array" count="30">
 LINEAR LINEAR LINEAR LINEAR LINEAR LINEAR LINEAR LINEAR LINEAR LINEAR LINEAR
LINEAR LINEAR LINEAR LINEAR LINEAR LINEAR LINEAR LINEAR LINEAR LINEAR LINEAR LINEAR
LINEAR LINEAR LINEAR LINEAR LINEAR LINEAR LINEAR</Name_array>
        <technique_common>
          <accessor source="#Armature-Interpolations-array" count="30">
            <param type="name"/>
          </accessor>
        </technique_common>
      </source>
      <sampler id="Armature-Matrix-animation-transform">
        <input semantic="INPUT" source="#Armature-Matrix-animation-input"/>
        <input semantic="OUTPUT" source="#Armature-Matrix-animation-output-transform"/>
        <input semantic="INTERPOLATION" source="#Armature-Interpolations"/>
      </sampler>
      <channel source="#Armature-Matrix-animation-transform" target="Armature/matrix"/>
    </animation>
    <animation id="mixamorig_Hips-anim" name="mixamorig_Hips">
      <source id="mixamorig_Hips-Matrix-animation-input">
        <float_array id="mixamorig_Hips-Matrix-animation-input-array" count="30">

0.000000 0.033333 0.066667 0.100000 0.133333 0.166667 0.200000 0.233333 0.266667 0.300000 0.333333 0.366667 0.400000 0.433333 0.466667 0.500000
0.533333 0.566667 0.600000 0.633333 0.666667 0.700000 0.733333 0.766667 0.800000 0.833333 0.866667 0.900000 0.933333 0.966667</float_array>
        <technique_common>
          <accessor source="#mixamorig_Hips-Matrix-animation-input-array" count="30">
            <param name="TIME" type="float"/>
          </accessor>
        </technique_common>
      </source>
      <source id="mixamorig_Hips-Matrix-animation-output-transform">
        <float_array id="mixamorig_Hips-Matrix-animation-output-transform-array" count="480">

0.999148 0.006709 -0.040727 0.203216 -0.009001 0.998371 -0.056350 100.272240 0.040283 0.056668 0.997580 -1.597968 0.000000 0.000000 0.000000 1.000000
0.998222 -0.000294 -0.059611 0.332239 -0.003044 0.998432 -0.055895 99.864044 0.059534 0.055977 0.996656 -1.031557 0.000000 0.000000 0.000000 1.000000
0.996684 -0.004640 -0.081238 0.578461 0.000529 0.998722 -0.050544 99.032036 0.081369 0.050334 0.995412 -0.442886 0.000000 0.000000 0.000000 1.000000
0.994646 -0.007061 -0.103098 0.965436 0.002830 0.999150 -0.041125 97.874474 0.103300 0.040614 0.993821 0.107104 0.000000 0.000000 0.000000 1.000000
0.992599 -0.008477 -0.121140 1.453968 0.004521 0.999449 -0.032891 96.733849 0.121352 0.032100 0.992090 0.519888 0.000000 0.000000 0.000000 1.000000
0.991190 -0.009316 -0.132119 1.957842 0.004965 0.999436 -0.033222 96.043633 0.132354 0.032274 0.990677 0.617730 0.000000 0.000000 0.000000 1.000000
0.990730 -0.011204 -0.135384 2.403249 0.005133 0.998969 -0.045116 95.931709 0.135750 0.044003 0.989766 0.261532 0.000000 0.000000 0.000000 1.000000
0.990863 -0.018263 -0.133630 2.763797 0.009843 0.997939 -0.063404 96.204590 0.134513 0.061510 0.989001 -0.516332 0.000000 0.000000 0.000000 1.000000
0.990534 -0.033161 -0.133203 3.065294 0.022896 0.996700 -0.077871 96.649132 0.135345 0.074084 0.988025 -1.417669 0.000000 0.000000 0.000000 1.000000
0.988730 -0.051912 -0.140422 3.356720 0.040747 0.995861 -0.081249 97.174767 0.144058 0.074612 0.986752 -2.091747 0.000000 0.000000 0.000000 1.000000
0.985707 -0.068383 -0.153969 3.638428 0.057448 0.995573 -0.074385 97.725662 0.158374 0.064477 0.985272 -2.300415 0.000000 0.000000 0.000000 1.000000
0.983476 -0.077439 -0.163642 3.858040 0.067818 0.995669 -0.063594 98.356689 0.167858 0.051445 0.984468 -2.175307 0.000000 0.000000 0.000000 1.000000
0.984329 -0.078904 -0.157704 3.945678 0.071072 0.995970 -0.054708 98.953888 0.161385 0.042642 0.985970 -1.876513 0.000000 0.000000 0.000000 1.000000
0.988265 -0.074533 -0.133333 3.887312 0.068472 0.996425 -0.049484 99.370758 0.136545 0.039773 0.989835 -1.520543 0.000000 0.000000 0.000000 1.000000
0.992838 -0.067319 -0.098694 3.726629 0.063001 0.996942 -0.046239 99.482330 0.101505 0.039690 0.994043 -1.119523 0.000000 0.000000 0.000000 1.000000
0.995955 -0.060916 -0.066053 3.524320 0.058185 0.997400 -0.042514 99.205956 0.068471 0.038499 0.996910 -0.664446 0.000000 0.000000 0.000000 1.000000
0.997358 -0.058231 -0.043423 3.299438 0.056623 0.997695 -0.037391 98.530022 0.045500 0.034834 0.998357 -0.205349 0.000000 0.000000 0.000000 1.000000
0.997736 -0.059172 -0.031958 3.029959 0.058130 0.997776 -0.032610 97.553978 0.033816 0.030678 0.998957 0.156999 0.000000 0.000000 0.000000 1.000000
0.997793 -0.059811 -0.028834 2.687709 0.058874 0.997742 -0.032335 96.546623 0.030703 0.030566 0.999061 0.337395 0.000000 0.000000 0.000000 1.000000
0.998000 -0.055254 -0.030695 2.273551 0.053987 0.997712 -0.040696 95.823425 0.032873 0.038958 0.998700 0.230672 0.000000 0.000000 0.000000 1.000000
0.998387 -0.044680 -0.035039 1.797216 0.042618 0.997433 -0.057539 95.517365 0.037520 0.055953 0.997728 -0.278083 0.000000 0.000000 0.000000 1.000000
0.998770 -0.030046 -0.039434 1.293215 0.026971 0.996718 -0.076321 95.521896 0.041597 0.075164 0.996303 -1.172986 0.000000 0.000000 0.000000 1.000000
0.999114 -0.011787 -0.040408 0.832016 0.008182 0.996066 -0.088234 95.737762 0.041289 0.087825 0.995280 -2.203692 0.000000 0.000000 0.000000 1.000000
0.999382 0.009317 -0.033906 0.467775 -0.012322 0.995907 -0.089537 96.117233 0.032933 0.089900 0.995406 -3.086928 0.000000 0.000000 0.000000 1.000000
0.999382 0.029766 -0.018697 0.202756 -0.031233 0.995989 -0.083850 96.624001 0.016126 0.084382 0.996303 -3.611181 0.000000 0.000000 0.000000 1.000000
0.999044 0.043715 -0.000453 0.017350 -0.043620 0.996070 -0.077087 97.235825 -0.002919 0.077033 0.997024 -3.737848 0.000000 0.000000 0.000000 1.000000
0.998861 0.046556 0.010474 -0.086291 -0.045688 0.996379 -0.071697 97.990921 -0.013774 0.071137 0.997371 -3.540957 0.000000 0.000000 0.000000 1.000000
0.999250 0.038168 0.006512 -0.088931 -0.037648 0.997056 -0.066793 98.849937 -0.009042 0.066498 0.997746 -3.095234 0.000000 0.000000 0.000000 1.000000
0.999661 0.022997 -0.012207 0.012734 -0.023706 0.997821 -0.061574 99.660614 0.010764 0.061843 0.998028 -2.437026 0.000000 0.000000 0.000000 1.000000
0.999148 0.006709 -0.040727 0.203217 -0.009001 0.998371 -0.056350 100.272240 0.040283 0.056668 0.997580 -1.597968 0.000000 0.000000 0.000000 1.000000</float_array>
        <technique_common>
          <accessor source="#mixamorig_Hips-Matrix-animation-output-transform-array" count="30" stride="16">
            <param type="float4x4"/>
          </accessor>
        </technique_common>
      </source>
      <source id="mixamorig_Hips-Interpolations">
        <Name_array id="mixamorig_Hips-Interpolations-array" count="30">
 LINEAR LINEAR LINEAR LINEAR LINEAR LINEAR LINEAR LINEAR LINEAR LINEAR LINEAR
LINEAR LINEAR LINEAR LINEAR LINEAR LINEAR LINEAR LINEAR LINEAR LINEAR LINEAR LINEAR
LINEAR LINEAR LINEAR LINEAR LINEAR LINEAR LINEAR</Name_array>
        <technique_common>
          <accessor source="#mixamorig_Hips-Interpolations-array" count="30">
            <param type="name"/>
          </accessor>
        </technique_common>
      </source>
      <sampler id="mixamorig_Hips-Matrix-animation-transform">
        <input semantic="INPUT" source="#mixamorig_Hips-Matrix-animation-input"/>
        <input semantic="OUTPUT" source="#mixamorig_Hips-Matrix-animation-output-transform"/>
        <input semantic="INTERPOLATION" source="#mixamorig_Hips-Interpolations"/>
      </sampler>
      <channel source="#mixamorig_Hips-Matrix-animation-transform" target="mixamorig_Hips/matrix"/>
    </animation>
    <animation id="mixamorig_Spine-anim" name="mixamorig_Spine">
      <source id="mixamorig_Spine-Matrix-animation-input">
        <float_array id="mixamorig_Spine-Matrix-animation-input-array" count="30">

0.000000 0.033333 0.066667 0.100000 0.133333 0.166667 0.200000 0.233333 0.266667 0.300000 0.333333 0.366667 0.400000 0.433333 0.466667 0.500000
0.533333 0.566667 0.600000 0.633333 0.666667 0.700000 0.733333 0.766667 0.800000 0.833333 0.866667 0.900000 0.933333 0.966667</float_array>
        <technique_common>
          <accessor source="#mixamorig_Spine-Matrix-animation-input-array" count="30">
            <param name="TIME" type="float"/>
          </accessor>
        </technique_common>
      </source>
      <source id="mixamorig_Spine-Matrix-animation-output-transform">
        <float_array id="mixamorig_Spine-Matrix-animation-output-transform-array" count="480">

0.999574 0.013150 0.026049 -0.000000 -0.011426 0.997804 -0.065246 12.246100 -0.026849 0.064921 0.997529 0.234600 0.000000 0.000000 0.000000 1.000000
0.999674 0.019350 0.016635 0.000000 -0.018290 0.997928 -0.061689 12.246100 -0.017794 0.061365 0.997957 0.234600 0.000000 0.000000 0.000000 1.000000
0.999737 0.021531 0.007922 0.000000 -0.021020 0.997995 -0.059702 12.246100 -0.009191 0.059520 0.998185 0.234600 0.000000 0.000000 0.000000 1.000000
0.999800 0.020014 -0.000007 -0.000000 -0.019979 0.998050 -0.059138 12.246100 -0.001177 0.059126 0.998250 0.234600 0.000000 0.000000 0.000000 1.000000
0.999839 0.016301 -0.007463 0.000000 -0.016709 0.998160 -0.058288 12.246100 0.006499 0.058404 0.998272 0.234600 0.000000 0.000000 0.000000 1.000000
0.999821 0.012252 -0.014410 -0.000000 -0.013033 0.998377 -0.055438 12.246100 0.013708 0.055616 0.998358 0.234600 0.000000 0.000000 0.000000 1.000000
0.999734 0.010711 -0.020422 0.000000 -0.011753 0.998599 -0.051603 12.246100 0.019841 0.051829 0.998459 0.234600 0.000000 0.000000 0.000000 1.000000
0.999560 0.016101 -0.024918 0.000000 -0.017339 0.998585 -0.050272 12.246100 0.024073 0.050682 0.998425 0.234600 0.000000 0.000000 0.000000 1.000000
0.999185 0.030294 -0.026669 0.000000 -0.031697 0.998046 -0.053854 12.246100 0.024985 0.054655 0.998193 0.234600 0.000000 0.000000 0.000000 1.000000
0.998551 0.047804 -0.024727 -0.000000 -0.049234 0.996931 -0.060865 12.246100 0.021741 0.061995 0.997840 0.234600 0.000000 0.000000 0.000000 1.000000
0.997884 0.061496 -0.021096 0.000000 -0.062776 0.995800 -0.066644 12.246100 0.016909 0.067827 0.997554 0.234600 0.000000 0.000000 0.000000 1.000000
0.997597 0.066652 -0.018935 0.000000 -0.067784 0.995428 -0.067287 12.246100 0.014364 0.068409 0.997554 0.234600 0.000000 0.000000 0.000000 1.000000
0.997723 0.064491 -0.019733 0.000000 -0.065611 0.995876 -0.062658 12.246100 0.015611 0.063810 0.997840 0.234600 0.000000 0.000000 0.000000 1.000000
0.998080 0.058071 -0.021527 -0.000000 -0.059193 0.996686 -0.055804 12.246100 0.018215 0.056971 0.998210 0.234600 0.000000 0.000000 0.000000 1.000000
0.998492 0.050694 -0.021086 0.000000 -0.051691 0.997420 -0.049817 12.246100 0.018506 0.050832 0.998536 0.234600 0.000000 0.000000 0.000000 1.000000
0.998828 0.045491 -0.016548 0.000000 -0.046209 0.997873 -0.045988 12.246100 0.014420 0.046699 0.998805 0.234600 0.000000 0.000000 0.000000 1.000000
0.998957 0.044894 -0.008290 0.000000 -0.045217 0.998003 -0.044114 12.246100 0.006293 0.044443 0.998992 0.234600 0.000000 0.000000 0.000000 1.000000
0.998823 0.048470 0.002072 0.000000 -0.048335 0.997899 -0.043150 12.246100 -0.004159 0.042999 0.999066 0.234600 0.000000 0.000000 0.000000 1.000000
0.998583 0.051597 0.013046 0.000000 -0.051017 0.997836 -0.041478 12.246100 -0.015158 0.040754 0.999054 0.234600 0.000000 0.000000 0.000000 1.000000
0.998526 0.049012 0.023300 -0.000000 -0.048100 0.998111 -0.038222 12.246100 -0.025129 0.037045 0.998998 0.234600 0.000000 0.000000 0.000000 1.000000
0.998682 0.040769 0.031166 0.000000 -0.039663 0.998589 -0.035303 12.246100 -0.032561 0.034020 0.998891 0.234600 0.000000 0.000000 0.000000 1.000000
0.998945 0.029727 0.035012 0.000000 -0.028433 0.998915 -0.036895 12.246100 -0.036071 0.035860 0.998706 0.234600 0.000000 0.000000 0.000000 1.000000
0.999284 0.015484 0.034509 0.000000 -0.013914 0.998878 -0.045278 12.246100 -0.035171 0.044765 0.998378 0.234600 0.000000 0.000000 0.000000 1.000000
0.999521 -0.002800 0.030816 0.000000 0.004582 0.998311 -0.057924 12.246100 -0.030602 0.058037 0.997845 0.234600 0.000000 0.000000 0.000000 1.000000
0.999426 -0.021764 0.025948 -0.000000 0.023524 0.997301 -0.069550 12.246100 -0.024365 0.070120 0.997241 0.234600 0.000000 0.000000 0.000000 1.000000
0.999160 -0.034211 0.022565 0.000000 0.035842 0.996437 -0.076343 12.246100 -0.019873 0.077088 0.996826 0.234600 0.000000 0.000000 0.000000 1.000000
0.999151 -0.034606 0.022360 0.000000 0.036248 0.996311 -0.077791 12.246100 -0.019585 0.078535 0.996719 0.234600 0.000000 0.000000 0.000000 1.000000
0.999432 -0.023207 0.024454 -0.000000 0.024993 0.996836 -0.075455 12.246100 -0.022625 0.076024 0.996849 0.234600 0.000000 0.000000 0.000000 1.000000
0.999639 -0.005267 0.026349 0.000000 0.007127 0.997451 -0.070996 12.246100 -0.025908 0.071158 0.997129 0.234600 0.000000 0.000000 0.000000 1.000000
0.999574 0.013150 0.026049 -0.000000 -0.011426 0.997804 -0.065246 12.246100 -0.026849 0.064921 0.997529 0.234600 0.000000 0.000000 0.000000 1.000000</float_array>
        <technique_common>
          <accessor source="#mixamorig_Spine-Matrix-animation-output-transform-array" count="30" stride="16">
            <param type="float4x4"/>
          </accessor>
        </technique_common>
      </source>
      <source id="mixamorig_Spine-Interpolations">
        <Name_array id="mixamorig_Spine-Interpolations-array" count="30">
 LINEAR LINEAR LINEAR LINEAR LINEAR LINEAR LINEAR LINEAR LINEAR LINEAR LINEAR
LINEAR LINEAR LINEAR LINEAR LINEAR LINEAR LINEAR LINEAR LINEAR LINEAR LINEAR LINEAR
LINEAR LINEAR LINEAR LINEAR LINEAR LINEAR LINEAR</Name_array>
        <technique_common>
          <accessor source="#mixamorig_Spine-Interpolations-array" count="30">
            <param type="name"/>
          </accessor>
        </technique_common>
      </source>
      <sampler id="mixamorig_Spine-Matrix-animation-transform">
        <input semantic="INPUT" source="#mixamorig_Spine-Matrix-animation-input"/>
        <input semantic="OUTPUT" source="#mixamorig_Spine-Matrix-animation-output-transform"/>
        <input semantic="INTERPOLATION" source="#mixamorig_Spine-Interpolations"/>
      </sampler>
      <channel source="#mixamorig_Spine-Matrix-animation-transform" target="mixamorig_Spine/matrix"/>
    </animation>
    <animation id="mixamorig_Spine1-anim" name="mixamorig_Spine1">
      <source id="mixamorig_Spine1-Matrix-animation-input">
        <float_array id="mixamorig_Spine1-Matrix-animation-input-array" count="30">

0.000000 0.033333 0.066667 0.100000 0.133333 0.166667 0.200000 0.233333 0.266667 0.300000 0.333333 0.366667 0.400000 0.433333 0.466667 0.500000
0.533333 0.566667 0.600000 0.633333 0.666667 0.700000 0.733333 0.766667 0.800000 0.833333 0.866667 0.900000 0.933333 0.966667</float_array>
        <technique_common>
          <accessor source="#mixamorig_Spine1-Matrix-animation-input-array" count="30">
            <param name="TIME" type="float"/>
          </accessor>
        </technique_common>
      </source>
      <source id="mixamorig_Spine1-Matrix-animation-output-transform">
        <float_array id="mixamorig_Spine1-Matrix-animation-output-transform-array" count="480">

0.999874 0.006698 0.014389 0.000000 -0.006145 0.999254 -0.038132 14.289700 -0.014633 0.038038 0.999169 0.000000 0.000000 0.000000 0.000000 1.000000
0.999925 0.006443 0.010456 0.000000 -0.006074 0.999371 -0.034942 14.289700 -0.010674 0.034876 0.999335 -0.000000 0.000000 0.000000 0.000000 1.000000
0.999964 0.005303 0.006603 0.000000 -0.005085 0.999455 -0.032614 14.289700 -0.006773 0.032580 0.999446 0.000000 0.000000 0.000000 0.000000 1.000000
0.999989 0.003699 0.003026 -0.000000 -0.003603 0.999507 -0.031205 14.289700 -0.003140 0.031194 0.999508 0.000000 0.000000 0.000000 0.000000 1.000000
0.999998 0.001965 -0.000491 0.000000 -0.001979 0.999553 -0.029820 14.289700 0.000432 0.029820 0.999555 0.000000 0.000000 0.000000 0.000000 1.000000
0.999991 0.000541 -0.004237 0.000000 -0.000657 0.999619 -0.027578 14.289700 0.004221 0.027581 0.999611 0.000000 0.000000 0.000000 0.000000 1.000000
0.999969 0.000530 -0.007907 -0.000000 -0.000729 0.999681 -0.025258 14.289700 0.007891 0.025263 0.999650 0.000000 0.000000 0.000000 0.000000 1.000000
0.999941 0.003276 -0.010371 0.000000 -0.003533 0.999684 -0.024897 14.289700 0.010286 0.024932 0.999636 0.000000 0.000000 0.000000 0.000000 1.000000
0.999912 0.008443 -0.010271 0.000000 -0.008723 0.999585 -0.027467 14.289700 0.010035 0.027554 0.999570 0.000000 0.000000 0.000000 0.000000 1.000000
0.999886 0.013188 -0.007331 0.000000 -0.013413 0.999414 -0.031505 14.289700 0.006911 0.031599 0.999477 0.000000 0.000000 0.000000 0.000000 1.000000
0.999889 0.014506 -0.003317 0.000000 -0.014611 0.999303 -0.034341 14.289700 0.002817 0.034386 0.999405 0.000000 0.000000 0.000000 0.000000 1.000000
0.999925 0.012185 -0.001123 0.000000 -0.012216 0.999329 -0.034536 14.289700 0.000701 0.034547 0.999403 0.000000 0.000000 0.000000 0.000000 1.000000
0.999960 0.008706 -0.002275 0.000000 -0.008776 0.999425 -0.032739 14.289700 0.001988 0.032758 0.999461 -0.000000 0.000000 0.000000 0.000000 1.000000
0.999963 0.006652 -0.005488 0.000000 -0.006815 0.999518 -0.030295 14.289700 0.005284 0.030332 0.999526 0.000000 0.000000 0.000000 0.000000 1.000000
0.999946 0.006773 -0.007874 0.000000 -0.006990 0.999587 -0.027878 14.289700 0.007682 0.027932 0.999580 0.000000 0.000000 0.000000 0.000000 1.000000
0.999938 0.008268 -0.007454 -0.000000 -0.008457 0.999634 -0.025682 14.289700 0.007239 0.025743 0.999642 -0.000000 0.000000 0.000000 0.000000 1.000000
0.999938 0.010202 -0.004425 0.000000 -0.010305 0.999659 -0.023998 14.289700 0.004179 0.024042 0.999702 -0.000000 0.000000 0.000000 0.000000 1.000000
0.999925 0.012238 -0.000208 0.000000 -0.012239 0.999664 -0.022859 14.289700 -0.000072 0.022860 0.999739 -0.000000 0.000000 0.000000 0.000000 1.000000
0.999890 0.014189 0.004332 0.000000 -0.014093 0.999671 -0.021437 14.289700 -0.004635 0.021374 0.999761 0.000000 0.000000 0.000000 0.000000 1.000000
0.999839 0.015319 0.009342 -0.000000 -0.015141 0.999707 -0.018889 14.289700 -0.009629 0.018745 0.999778 0.000000 0.000000 0.000000 0.000000 1.000000
0.999788 0.014453 0.014684 0.000000 -0.014214 0.999767 -0.016239 14.289700 -0.014916 0.016026 0.999760 0.000000 0.000000 0.000000 0.000000 1.000000
0.999766 0.010825 0.018727 -0.000000 -0.010519 0.999811 -0.016344 14.289700 -0.018900 0.016144 0.999691 0.000000 0.000000 0.000000 0.000000 1.000000
0.999805 0.004870 0.019143 0.000000 -0.004467 0.999768 -0.021060 14.289700 -0.019241 0.020970 0.999595 0.000000 0.000000 0.000000 0.000000 1.000000
0.999882 -0.001732 0.015256 0.000000 0.002171 0.999583 -0.028781 14.289700 -0.015200 0.028811 0.999469 0.000000 0.000000 0.000000 0.000000 1.000000
0.999932 -0.006864 0.009377 -0.000000 0.007195 0.999338 -0.035649 14.289700 -0.009127 0.035714 0.999320 -0.000000 0.000000 0.000000 0.000000 1.000000
0.999945 -0.008961 0.005364 -0.000000 0.009165 0.999188 -0.039235 14.289700 -0.005008 0.039282 0.999216 0.000000 0.000000 0.000000 0.000000 1.000000
0.999956 -0.007548 0.005506 0.000000 0.007763 0.999163 -0.040166 14.289700 -0.005198 0.040207 0.999178 0.000000 0.000000 0.000000 0.000000 1.000000
0.999955 -0.003386 0.008823 0.000000 0.003737 0.999187 -0.040145 14.289700 -0.008680 0.040176 0.999155 0.000000 0.000000 0.000000 0.000000 1.000000
0.999920 0.001897 0.012512 0.000000 -0.001399 0.999211 -0.039681 14.289700 -0.012578 0.039660 0.999134 -0.000000 0.000000 0.000000 0.000000 1.000000
0.999874 0.006698 0.014389 0.000000 -0.006145 0.999254 -0.038132 14.289700 -0.014633 0.038038 0.999169 0.000000 0.000000 0.000000 0.000000 1.000000</float_array>
        <technique_common>
          <accessor source="#mixamorig_Spine1-Matrix-animation-output-transform-array" count="30" stride="16">
            <param type="float4x4"/>
          </accessor>
        </technique_common>
      </source>
      <source id="mixamorig_Spine1-Interpolations">
        <Name_array id="mixamorig_Spine1-Interpolations-array" count="30">
 LINEAR LINEAR LINEAR LINEAR LINEAR LINEAR LINEAR LINEAR LINEAR LINEAR LINEAR
LINEAR LINEAR LINEAR LINEAR LINEAR LINEAR LINEAR LINEAR LINEAR LINEAR LINEAR LINEAR
LINEAR LINEAR LINEAR LINEAR LINEAR LINEAR LINEAR</Name_array>
        <technique_common>
          <accessor source="#mixamorig_Spine1-Interpolations-array" count="30">
            <param type="name"/>
          </accessor>
        </technique_common>
      </source>
      <sampler id="mixamorig_Spine1-Matrix-animation-transform">
        <input semantic="INPUT" source="#mixamorig_Spine1-Matrix-animation-input"/>
        <input semantic="OUTPUT" source="#mixamorig_Spine1-Matrix-animation-output-transform"/>
        <input semantic="INTERPOLATION" source="#mixamorig_Spine1-Interpolations"/>
      </sampler>
      <channel source="#mixamorig_Spine1-Matrix-animation-transform" target="mixamorig_Spine1/matrix"/>
    </animation>
    <animation id="mixamorig_Spine2-anim" name="mixamorig_Spine2">
      <source id="mixamorig_Spine2-Matrix-animation-input">
        <float_array id="mixamorig_Spine2-Matrix-animation-input-array" count="30">

0.000000 0.033333 0.066667 0.100000 0.133333 0.166667 0.200000 0.233333 0.266667 0.300000 0.333333 0.366667 0.400000 0.433333 0.466667 0.500000
0.533333 0.566667 0.600000 0.633333 0.666667 0.700000 0.733333 0.766667 0.800000 0.833333 0.866667 0.900000 0.933333 0.966667</float_array>
        <technique_common>
          <accessor source="#mixamorig_Spine2-Matrix-animation-input-array" count="30">
            <param name="TIME" type="float"/>
          </accessor>
        </technique_common>
      </source>
      <source id="mixamorig_Spine2-Matrix-animation-output-transform">
        <float_array id="mixamorig_Spine2-Matrix-animation-output-transform-array" count="480">

0.999887 0.006247 0.013689 0.000000 -0.005717 0.999246 -0.038406 16.330999 -0.013918 0.038323 0.999168 0.000000 0.000000 0.000000 0.000000 1.000000
0.999934 0.006104 0.009782 0.000000 -0.005757 0.999365 -0.035150 16.330999 -0.009991 0.035092 0.999334 0.000000 0.000000 0.000000 0.000000 1.000000
0.999970 0.005062 0.005920 0.000000 -0.004866 0.999452 -0.032753 16.330999 -0.006083 0.032723 0.999446 -0.000000 0.000000 0.000000 0.000000 1.000000
0.999991 0.003537 0.002341 0.000000 -0.003462 0.999505 -0.031276 16.330999 -0.002451 0.031268 0.999508 0.000000 0.000000 0.000000 0.000000 1.000000
0.999998 0.001873 -0.001131 -0.000000 -0.001906 0.999553 -0.029827 16.330999 0.001075 0.029829 0.999554 -0.000000 0.000000 0.000000 0.000000 1.000000
0.999988 0.000517 -0.004791 0.000000 -0.000649 0.999621 -0.027528 16.330999 0.004775 0.027531 0.999610 0.000000 0.000000 0.000000 0.000000 1.000000
0.999965 0.000570 -0.008375 0.000000 -0.000781 0.999683 -0.025161 16.330999 0.008358 0.025166 0.999648 -0.000000 0.000000 0.000000 0.000000 1.000000
0.999936 0.003359 -0.010775 0.000000 -0.003625 0.999686 -0.024776 16.330999 0.010689 0.024814 0.999635 -0.000000 0.000000 0.000000 0.000000 1.000000
0.999907 0.008526 -0.010623 -0.000000 -0.008814 0.999587 -0.027364 16.330999 0.010385 0.027455 0.999569 0.000000 0.000000 0.000000 0.000000 1.000000
0.999883 0.013229 -0.007631 0.000000 -0.013463 0.999415 -0.031452 16.330999 0.007210 0.031552 0.999476 0.000000 0.000000 0.000000 0.000000 1.000000
0.999889 0.014491 -0.003589 -0.000000 -0.014605 0.999304 -0.034337 16.330999 0.003089 0.034385 0.999404 0.000000 0.000000 0.000000 0.000000 1.000000
0.999925 0.012140 -0.001410 -0.000000 -0.012182 0.999329 -0.034548 16.330999 0.000990 0.034563 0.999402 -0.000000 0.000000 0.000000 0.000000 1.000000
0.999959 0.008682 -0.002598 0.000000 -0.008762 0.999426 -0.032736 16.330999 0.002312 0.032757 0.999461 0.000000 0.000000 0.000000 0.000000 1.000000
0.999961 0.006684 -0.005821 0.000000 -0.006857 0.999519 -0.030260 16.330999 0.005616 0.030298 0.999525 0.000000 0.000000 0.000000 0.000000 1.000000
0.999943 0.006852 -0.008170 -0.000000 -0.007077 0.999588 -0.027820 16.330999 0.007976 0.027877 0.999580 0.000000 0.000000 0.000000 0.000000 1.000000
0.999936 0.008350 -0.007680 0.000000 -0.008544 0.999635 -0.025631 16.330999 0.007463 0.025695 0.999642 0.000000 0.000000 0.000000 0.000000 1.000000
0.999937 0.010238 -0.004573 0.000000 -0.010344 0.999659 -0.023977 16.330999 0.004326 0.024023 0.999702 0.000000 0.000000 0.000000 0.000000 1.000000
0.999925 0.012206 -0.000284 -0.000000 -0.012209 0.999664 -0.022873 16.330999 0.000004 0.022875 0.999738 0.000000 0.000000 0.000000 0.000000 1.000000
0.999891 0.014094 0.004326 -0.000000 -0.013998 0.999671 -0.021480 16.330999 -0.004627 0.021417 0.999760 0.000000 0.000000 0.000000 0.000000 1.000000
0.999841 0.015180 0.009400 0.000000 -0.015000 0.999708 -0.018955 16.330999 -0.009685 0.018811 0.999776 0.000000 0.000000 0.000000 0.000000 1.000000
0.999789 0.014290 0.014772 0.000000 -0.014048 0.999768 -0.016322 16.330999 -0.015002 0.016111 0.999758 0.000000 0.000000 0.000000 0.000000 1.000000
0.999767 0.010649 0.018773 -0.000000 -0.010341 0.999811 -0.016435 16.330999 -0.018945 0.016237 0.999689 -0.000000 0.000000 0.000000 0.000000 1.000000
0.999807 0.004689 0.019085 0.000000 -0.004285 0.999767 -0.021144 16.330999 -0.019180 0.021059 0.999594 0.000000 0.000000 0.000000 0.000000 1.000000
0.999884 -0.001894 0.015088 0.000000 0.002328 0.999581 -0.028839 16.330999 -0.015027 0.028871 0.999470 -0.000000 0.000000 0.000000 0.000000 1.000000
0.999934 -0.006969 0.009150 0.000000 0.007291 0.999337 -0.035664 16.330999 -0.008895 0.035728 0.999322 0.000000 0.000000 0.000000 0.000000 1.000000
0.999946 -0.009011 0.005111 0.000000 0.009205 0.999188 -0.039220 16.330999 -0.004753 0.039265 0.999218 0.000000 0.000000 0.000000 0.000000 1.000000
0.999958 -0.007612 0.005188 0.000000 0.007814 0.999162 -0.040171 16.330999 -0.004877 0.040210 0.999179 0.000000 0.000000 0.000000 0.000000 1.000000
0.999959 -0.003558 0.008368 -0.000000 0.003891 0.999183 -0.040223 16.330999 -0.008218 0.040254 0.999156 0.000000 0.000000 0.000000 0.000000 1.000000
0.999928 0.001571 0.011905 0.000000 -0.001095 0.999205 -0.039859 16.330999 -0.011958 0.039843 0.999134 0.000000 0.000000 0.000000 0.000000 1.000000
0.999887 0.006247 0.013689 0.000000 -0.005717 0.999246 -0.038406 16.330999 -0.013918 0.038323 0.999168 -0.000000 0.000000 0.000000 0.000000 1.000000</float_array>
        <technique_common>
          <accessor source="#mixamorig_Spine2-Matrix-animation-output-transform-array" count="30" stride="16">
            <param type="float4x4"/>
          </accessor>
        </technique_common>
      </source>
      <source id="mixamorig_Spine2-Interpolations">
        <Name_array id="mixamorig_Spine2-Interpolations-array" count="30">
 LINEAR LINEAR LINEAR LINEAR LINEAR LINEAR LINEAR LINEAR LINEAR LINEAR LINEAR
LINEAR LINEAR LINEAR LINEAR LINEAR LINEAR LINEAR LINEAR LINEAR LINEAR LINEAR LINEAR
LINEAR LINEAR LINEAR LINEAR LINEAR LINEAR LINEAR</Name_array>
        <technique_common>
          <accessor source="#mixamorig_Spine2-Interpolations-array" count="30">
            <param type="name"/>
          </accessor>
        </technique_common>
      </source>
      <sampler id="mixamorig_Spine2-Matrix-animation-transform">
        <input semantic="INPUT" source="#mixamorig_Spine2-Matrix-animation-input"/>
        <input semantic="OUTPUT" source="#mixamorig_Spine2-Matrix-animation-output-transform"/>
        <input semantic="INTERPOLATION" source="#mixamorig_Spine2-Interpolations"/>
      </sampler>
      <channel source="#mixamorig_Spine2-Matrix-animation-transform" target="mixamorig_Spine2/matrix"/>
    </animation>
    <animation id="mixamorig_Neck-anim" name="mixamorig_Neck">
      <source id="mixamorig_Neck-Matrix-animation-input">
        <float_array id="mixamorig_Neck-Matrix-animation-input-array" count="30">

0.000000 0.033333 0.066667 0.100000 0.133333 0.166667 0.200000 0.233333 0.266667 0.300000 0.333333 0.366667 0.400000 0.433333 0.466667 0.500000
0.533333 0.566667 0.600000 0.633333 0.666667 0.700000 0.733333 0.766667 0.800000 0.833333 0.866667 0.900000 0.933333 0.966667</float_array>
        <technique_common>
          <accessor source="#mixamorig_Neck-Matrix-animation-input-array" count="30">
            <param name="TIME" type="float"/>
          </accessor>
        </technique_common>
      </source>
      <source id="mixamorig_Neck-Matrix-animation-output-transform">
        <float_array id="mixamorig_Neck-Matrix-animation-output-transform-array" count="480">

0.999984 -0.001206 -0.005525 0.000000 0.001863 0.992712 0.120500 18.372499 0.005340 -0.120509 0.992698 0.000000 0.000000 0.000000 0.000000 1.000000
0.999996 -0.001466 -0.002365 0.000000 0.001740 0.992732 0.120337 18.372499 0.002172 -0.120341 0.992730 0.000000 0.000000 0.000000 0.000000 1.000000
0.999999 -0.000785 0.001429 0.000000 0.000610 0.992978 0.118294 18.372499 -0.001512 -0.118293 0.992978 0.000000 0.000000 0.000000 0.000000 1.000000
0.999986 0.000398 0.005182 0.000000 -0.000987 0.993447 0.114285 18.372499 -0.005103 -0.114289 0.993434 0.000000 0.000000 0.000000 0.000000 1.000000
0.999966 0.001404 0.008178 -0.000000 -0.002291 0.993981 0.109527 18.372499 -0.007975 -0.109542 0.993950 -0.000000 0.000000 0.000000 0.000000 1.000000
0.999948 0.001609 0.010116 -0.000000 -0.002675 0.994334 0.106269 18.372499 -0.009888 -0.106291 0.994286 -0.000000 0.000000 0.000000 0.000000 1.000000
0.999938 0.000546 0.011116 0.000000 -0.001724 0.994340 0.106233 18.372499 -0.010995 -0.106245 0.994279 0.000000 0.000000 0.000000 0.000000 1.000000
0.999934 -0.001889 0.011322 -0.000000 0.000641 0.994016 0.109229 18.372499 -0.011461 -0.109214 0.993952 -0.000000 0.000000 0.000000 0.000000 1.000000
0.999930 -0.004760 0.010868 -0.000000 0.003500 0.993576 0.113115 18.372499 -0.011336 -0.113069 0.993522 0.000000 0.000000 0.000000 0.000000 1.000000
0.999929 -0.006079 0.010213 0.000000 0.004863 0.993334 0.115169 18.372499 -0.010845 -0.115111 0.993293 0.000000 0.000000 0.000000 0.000000 1.000000
0.999939 -0.004406 0.010082 0.000000 0.003230 0.993491 0.113864 18.372499 -0.010518 -0.113825 0.993445 0.000000 0.000000 0.000000 0.000000 1.000000
0.999943 -0.000411 0.010713 0.000000 -0.000768 0.993949 0.109842 18.372499 -0.010693 -0.109844 0.993891 0.000000 0.000000 0.000000 0.000000 1.000000
0.999929 0.003611 0.011388 -0.000000 -0.004791 0.994420 0.105389 18.372499 -0.010943 -0.105436 0.994366 0.000000 0.000000 0.000000 0.000000 1.000000
0.999923 0.005728 0.011041 -0.000000 -0.006833 0.994680 0.102787 18.372499 -0.010394 -0.102855 0.994642 -0.000000 0.000000 0.000000 0.000000 1.000000
0.999941 0.005673 0.009227 0.000000 -0.006592 0.994677 0.102835 18.372499 -0.008594 -0.102890 0.994656 -0.000000 0.000000 0.000000 0.000000 1.000000
0.999970 0.004359 0.006353 -0.000000 -0.005000 0.994496 0.104651 18.372499 -0.005862 -0.104680 0.994489 0.000000 0.000000 0.000000 0.000000 1.000000
0.999991 0.002711 0.003232 0.000000 -0.003041 0.994288 0.106685 18.372499 -0.002925 -0.106694 0.994288 -0.000000 0.000000 0.000000 0.000000 1.000000
0.999999 0.001343 0.000566 -0.000000 -0.001396 0.994149 0.108011 18.372499 -0.000417 -0.108012 0.994150 -0.000000 0.000000 0.000000 0.000000 1.000000
0.999999 0.000897 -0.001352 0.000000 -0.000744 0.994042 0.108996 18.372499 0.001442 -0.108995 0.994041 0.000000 0.000000 0.000000 0.000000 1.000000
0.999995 0.001889 -0.002632 0.000000 -0.001585 0.993829 0.110913 18.372499 0.002825 -0.110908 0.993827 0.000000 0.000000 0.000000 0.000000 1.000000
0.999986 0.004170 -0.003399 -0.000000 -0.003753 0.993394 0.114693 18.372499 0.003855 -0.114678 0.993395 0.000000 0.000000 0.000000 0.000000 1.000000
0.999969 0.007065 -0.003433 -0.000000 -0.006603 0.992779 0.119780 18.372499 0.004254 -0.119753 0.992795 0.000000 0.000000 0.000000 0.000000 1.000000
0.999947 0.009962 -0.002450 0.000000 -0.009580 0.992192 0.124350 18.372499 0.003669 -0.124320 0.992235 -0.000000 0.000000 0.000000 0.000000 1.000000
0.999923 0.012389 -0.000848 0.000000 -0.012181 0.991842 0.126892 18.372499 0.002413 -0.126872 0.991916 0.000000 0.000000 0.000000 0.000000 1.000000
0.999906 0.013720 0.000159 0.000000 -0.013629 0.991757 0.127408 18.372499 0.001591 -0.127399 0.991850 -0.000000 0.000000 0.000000 0.000000 1.000000
0.999912 0.013277 -0.000487 0.000000 -0.013108 0.991825 0.126931 18.372499 0.002168 -0.126913 0.991911 0.000000 0.000000 0.000000 0.000000 1.000000
0.999938 0.010814 -0.002615 0.000000 -0.010398 0.991959 0.126135 18.372499 0.003958 -0.126100 0.992010 -0.000000 0.000000 0.000000 0.000000 1.000000
0.999964 0.006881 -0.004901 -0.000000 -0.006215 0.992152 0.124882 18.372499 0.005722 -0.124847 0.992159 0.000000 0.000000 0.000000 0.000000 1.000000
0.999978 0.002556 -0.006045 0.000000 -0.001793 0.992411 0.122950 18.372499 0.006313 -0.122937 0.992394 0.000000 0.000000 0.000000 0.000000 1.000000
0.999984 -0.001206 -0.005525 0.000000 0.001863 0.992712 0.120500 18.372499 0.005340 -0.120509 0.992698 0.000000 0.000000 0.000000 0.000000 1.000000</float_array>
        <technique_common>
          <accessor source="#mixamorig_Neck-Matrix-animation-output-transform-array" count="30" stride="16">
            <param type="float4x4"/>
          </accessor>
        </technique_common>
      </source>
      <source id="mixamorig_Neck-Interpolations">
        <Name_array id="mixamorig_Neck-Interpolations-array" count="30">
 LINEAR LINEAR LINEAR LINEAR LINEAR LINEAR LINEAR LINEAR LINEAR LINEAR LINEAR
LINEAR LINEAR LINEAR LINEAR LINEAR LINEAR LINEAR LINEAR LINEAR LINEAR LINEAR LINEAR
LINEAR LINEAR LINEAR LINEAR LINEAR LINEAR LINEAR</Name_array>
        <technique_common>
          <accessor source="#mixamorig_Neck-Interpolations-array" count="30">
            <param type="name"/>
          </accessor>
        </technique_common>
      </source>
      <sampler id="mixamorig_Neck-Matrix-animation-transform">
        <input semantic="INPUT" source="#mixamorig_Neck-Matrix-animation-input"/>
        <input semantic="OUTPUT" source="#mixamorig_Neck-Matrix-animation-output-transform"/>
        <input semantic="INTERPOLATION" source="#mixamorig_Neck-Interpolations"/>
      </sampler>
      <channel source="#mixamorig_Neck-Matrix-animation-transform" target="mixamorig_Neck/matrix"/>
    </animation>
    <animation id="mixamorig_Head-anim" name="mixamorig_Head">
